Input 1: 973
Input 2: 374
Input 3: 352
Input 4: 742
Input 5: 433
Input 6: 608
Input 7: 510
Input 8: 387
Input 9: 868
Input 10: 698
Input 11: 442
Input 12: 270
Input 13: 336
Input 14: 827
Input 15: 146
Input 16: 662
Input 17: 670
Input 18: 277
Input 19: 407
Input 20: 260
Input 21: 101
Input 22: 848
Input 23: 123
Input 24: 857
Input 25: 70
Input 26: 520
Input 27: 325
Input 28: 978
Input 29: 234
Input 30: 855
Input 31: 125
Input 32: 386
Input 33: 583
Input 34: 350
Input 35: 238
Input 36: 889
Input 37: 891
Input 38: 143
Input 39: 652
Input 40: 568

Sorted 1: 70
Sorted 2: 101
Sorted 3: 123
Sorted 4: 125
Sorted 5: 143
Sorted 6: 146
Sorted 7: 234
Sorted 8: 238
Sorted 9: 260
Sorted 10: 270
Sorted 11: 277
Sorted 12: 325
Sorted 13: 336
Sorted 14: 350
Sorted 15: 352
Sorted 16: 374
Sorted 17: 386
Sorted 18: 387
Sorted 19: 407
Sorted 20: 433
Sorted 21: 442
Sorted 22: 510
Sorted 23: 520
Sorted 24: 568
Sorted 25: 583
Sorted 26: 608
Sorted 27: 652
Sorted 28: 662
Sorted 29: 670
Sorted 30: 698
Sorted 31: 742
Sorted 32: 827
Sorted 33: 848
Sorted 34: 855
Sorted 35: 857
Sorted 36: 868
Sorted 37: 889
Sorted 38: 891
Sorted 39: 973
Sorted 40: 978


Algorithm 0	Sorting End: -1

Algorithm 1	Sorting End: -1

Algorithm 2	Sorting End: -1

Algorithm 3	Sorting End: 634

Algorithm 4	Sorting End: 743
    pass b: a  868  889  891  973  978		    pass b: b  857  855  848  827  742  698  670  662  652  608  583  568  520  510  442  433  407  387  386  374  352  350  336  325  277  270  260  238  234  146  143  125  123  101   70	
    pass b: a  857  868  889  891  973  978		    pass b: b  855  848  827  742  698  670  662  652  608  583  568  520  510  442  433  407  387  386  374  352  350  336  325  277  270  260  238  234  146  143  125  123  101   70	
    pass b: a  855  857  868  889  891  973  978		    pass b: b  848  827  742  698  670  662  652  608  583  568  520  510  442  433  407  387  386  374  352  350  336  325  277  270  260  238  234  146  143  125  123  101   70	
    pass b: a  848  855  857  868  889  891  973  978		    pass b: b  827  742  698  670  662  652  608  583  568  520  510  442  433  407  387  386  374  352  350  336  325  277  270  260  238  234  146  143  125  123  101   70	
    pass b: a  827  848  855  857  868  889  891  973  978		    pass b: b  742  698  670  662  652  608  583  568  520  510  442  433  407  387  386  374  352  350  336  325  277  270  260  238  234  146  143  125  123  101   70	
    pass b: a  742  827  848  855  857  868  889  891  973  978		    pass b: b  698  670  662  652  608  583  568  520  510  442  433  407  387  386  374  352  350  336  325  277  270  260  238  234  146  143  125  123  101   70	
    pass b: a  698  742  827  848  855  857  868  889  891  973  978		    pass b: b  670  662  652  608  583  568  520  510  442  433  407  387  386  374  352  350  336  325  277  270  260  238  234  146  143  125  123  101   70	
    pass b: a  670  698  742  827  848  855  857  868  889  891  973  978		    pass b: b  662  652  608  583  568  520  510  442  433  407  387  386  374  352  350  336  325  277  270  260  238  234  146  143  125  123  101   70	
    pass b: a  662  670  698  742  827  848  855  857  868  889  891  973  978		    pass b: b  652  608  583  568  520  510  442  433  407  387  386  374  352  350  336  325  277  270  260  238  234  146  143  125  123  101   70	
    pass b: a  652  662  670  698  742  827  848  855  857  868  889  891  973  978		    pass b: b  608  583  568  520  510  442  433  407  387  386  374  352  350  336  325  277  270  260  238  234  146  143  125  123  101   70	
    pass b: a  608  652  662  670  698  742  827  848  855  857  868  889  891  973  978		    pass b: b  583  568  520  510  442  433  407  387  386  374  352  350  336  325  277  270  260  238  234  146  143  125  123  101   70	
    pass b: a  583  608  652  662  670  698  742  827  848  855  857  868  889  891  973  978		    pass b: b  568  520  510  442  433  407  387  386  374  352  350  336  325  277  270  260  238  234  146  143  125  123  101   70	
    pass b: a  568  583  608  652  662  670  698  742  827  848  855  857  868  889  891  973  978		    pass b: b  520  510  442  433  407  387  386  374  352  350  336  325  277  270  260  238  234  146  143  125  123  101   70	
    pass b: a  520  568  583  608  652  662  670  698  742  827  848  855  857  868  889  891  973  978		    pass b: b  510  442  433  407  387  386  374  352  350  336  325  277  270  260  238  234  146  143  125  123  101   70	
    pass b: a  510  520  568  583  608  652  662  670  698  742  827  848  855  857  868  889  891  973  978		    pass b: b  442  433  407  387  386  374  352  350  336  325  277  270  260  238  234  146  143  125  123  101   70	
    pass b: a  442  510  520  568  583  608  652  662  670  698  742  827  848  855  857  868  889  891  973  978		    pass b: b  433  407  387  386  374  352  350  336  325  277  270  260  238  234  146  143  125  123  101   70	
    pass b: a  433  442  510  520  568  583  608  652  662  670  698  742  827  848  855  857  868  889  891  973  978		    pass b: b  407  387  386  374  352  350  336  325  277  270  260  238  234  146  143  125  123  101   70	
    pass b: a  407  433  442  510  520  568  583  608  652  662  670  698  742  827  848  855  857  868  889  891  973  978		    pass b: b  387  386  374  352  350  336  325  277  270  260  238  234  146  143  125  123  101   70	
    pass b: a  387  407  433  442  510  520  568  583  608  652  662  670  698  742  827  848  855  857  868  889  891  973  978		    pass b: b  386  374  352  350  336  325  277  270  260  238  234  146  143  125  123  101   70	
    pass b: a  386  387  407  433  442  510  520  568  583  608  652  662  670  698  742  827  848  855  857  868  889  891  973  978		    pass b: b  374  352  350  336  325  277  270  260  238  234  146  143  125  123  101   70	
    pass b: a  374  386  387  407  433  442  510  520  568  583  608  652  662  670  698  742  827  848  855  857  868  889  891  973  978		    pass b: b  352  350  336  325  277  270  260  238  234  146  143  125  123  101   70	
    pass b: a  352  374  386  387  407  433  442  510  520  568  583  608  652  662  670  698  742  827  848  855  857  868  889  891  973  978		    pass b: b  350  336  325  277  270  260  238  234  146  143  125  123  101   70	
    pass b: a  350  352  374  386  387  407  433  442  510  520  568  583  608  652  662  670  698  742  827  848  855  857  868  889  891  973  978		    pass b: b  336  325  277  270  260  238  234  146  143  125  123  101   70	
    pass b: a  336  350  352  374  386  387  407  433  442  510  520  568  583  608  652  662  670  698  742  827  848  855  857  868  889  891  973  978		    pass b: b  325  277  270  260  238  234  146  143  125  123  101   70	
    pass b: a  325  336  350  352  374  386  387  407  433  442  510  520  568  583  608  652  662  670  698  742  827  848  855  857  868  889  891  973  978		    pass b: b  277  270  260  238  234  146  143  125  123  101   70	
    pass b: a  277  325  336  350  352  374  386  387  407  433  442  510  520  568  583  608  652  662  670  698  742  827  848  855  857  868  889  891  973  978		    pass b: b  270  260  238  234  146  143  125  123  101   70	
    pass b: a  270  277  325  336  350  352  374  386  387  407  433  442  510  520  568  583  608  652  662  670  698  742  827  848  855  857  868  889  891  973  978		    pass b: b  260  238  234  146  143  125  123  101   70	
    pass b: a  260  270  277  325  336  350  352  374  386  387  407  433  442  510  520  568  583  608  652  662  670  698  742  827  848  855  857  868  889  891  973  978		    pass b: b  238  234  146  143  125  123  101   70	
    pass b: a  238  260  270  277  325  336  350  352  374  386  387  407  433  442  510  520  568  583  608  652  662  670  698  742  827  848  855  857  868  889  891  973  978		    pass b: b  234  146  143  125  123  101   70	
    pass b: a  234  238  260  270  277  325  336  350  352  374  386  387  407  433  442  510  520  568  583  608  652  662  670  698  742  827  848  855  857  868  889  891  973  978		    pass b: b  146  143  125  123  101   70	
    pass b: a  146  234  238  260  270  277  325  336  350  352  374  386  387  407  433  442  510  520  568  583  608  652  662  670  698  742  827  848  855  857  868  889  891  973  978		    pass b: b  143  125  123  101   70	
    pass b: a  143  146  234  238  260  270  277  325  336  350  352  374  386  387  407  433  442  510  520  568  583  608  652  662  670  698  742  827  848  855  857  868  889  891  973  978		    pass b: b  125  123  101   70	
    pass b: a  125  143  146  234  238  260  270  277  325  336  350  352  374  386  387  407  433  442  510  520  568  583  608  652  662  670  698  742  827  848  855  857  868  889  891  973  978		    pass b: b  123  101   70	
    pass b: a  123  125  143  146  234  238  260  270  277  325  336  350  352  374  386  387  407  433  442  510  520  568  583  608  652  662  670  698  742  827  848  855  857  868  889  891  973  978		    pass b: b  101   70	
    pass b: a  101  123  125  143  146  234  238  260  270  277  325  336  350  352  374  386  387  407  433  442  510  520  568  583  608  652  662  670  698  742  827  848  855  857  868  889  891  973  978		    pass b: b   70	
    pass b: a   70  101  123  125  143  146  234  238  260  270  277  325  336  350  352  374  386  387  407  433  442  510  520  568  583  608  652  662  670  698  742  827  848  855  857  868  889  891  973  978		    pass b: b	

Algorithm 5	Sorting End: 266
    pass b: a  123  125  143  146  234  238  260  270  277  325  336  350  352  374  386  387  407  433  442  510  520  568  583  608  652  662  670  698  742  827  848  855  857  868  889  891  973  978		    pass b: b  101   70	
    pass b: a  101  123  125  143  146  234  238  260  270  277  325  336  350  352  374  386  387  407  433  442  510  520  568  583  608  652  662  670  698  742  827  848  855  857  868  889  891  973  978		    pass b: b   70	
    pass b: a   70  101  123  125  143  146  234  238  260  270  277  325  336  350  352  374  386  387  407  433  442  510  520  568  583  608  652  662  670  698  742  827  848  855  857  868  889  891  973  978		    pass b: b	

Algorithm 6	Sorting End: 263
    pass b: a  260  101  848  123  857   70  520  325  978  234  855  125  386  583  350  238  889  891  143  652  568		    pass b: b  407  277  670  662  146  827  336  270  442  698  868  387  510  608  433  742  352  374  973	
    pass b: a  407  260  101  848  123  857   70  520  325  978  234  855  125  386  583  350  238  889  891  143  652  568		    pass b: b  277  670  662  146  827  336  270  442  698  868  387  510  608  433  742  352  374  973	
    pass b: a  277  407  260  101  848  123  857   70  520  325  978  234  855  125  386  583  350  238  889  891  143  652  568		    pass b: b  670  662  146  827  336  270  442  698  868  387  510  608  433  742  352  374  973	
    pass b: a  670  277  407  260  101  848  123  857   70  520  325  978  234  855  125  386  583  350  238  889  891  143  652  568		    pass b: b  662  146  827  336  270  442  698  868  387  510  608  433  742  352  374  973	
    pass b: a  662  670  277  407  260  101  848  123  857   70  520  325  978  234  855  125  386  583  350  238  889  891  143  652  568		    pass b: b  146  827  336  270  442  698  868  387  510  608  433  742  352  374  973	
    pass b: a  146  662  670  277  407  260  101  848  123  857   70  520  325  978  234  855  125  386  583  350  238  889  891  143  652  568		    pass b: b  827  336  270  442  698  868  387  510  608  433  742  352  374  973	
    pass b: a  827  146  662  670  277  407  260  101  848  123  857   70  520  325  978  234  855  125  386  583  350  238  889  891  143  652  568		    pass b: b  336  270  442  698  868  387  510  608  433  742  352  374  973	
    pass b: a  336  827  146  662  670  277  407  260  101  848  123  857   70  520  325  978  234  855  125  386  583  350  238  889  891  143  652  568		    pass b: b  270  442  698  868  387  510  608  433  742  352  374  973	
    pass b: a  270  336  827  146  662  670  277  407  260  101  848  123  857   70  520  325  978  234  855  125  386  583  350  238  889  891  143  652  568		    pass b: b  442  698  868  387  510  608  433  742  352  374  973	
    pass b: a  442  270  336  827  146  662  670  277  407  260  101  848  123  857   70  520  325  978  234  855  125  386  583  350  238  889  891  143  652  568		    pass b: b  698  868  387  510  608  433  742  352  374  973	
    pass b: a  698  442  270  336  827  146  662  670  277  407  260  101  848  123  857   70  520  325  978  234  855  125  386  583  350  238  889  891  143  652  568		    pass b: b  868  387  510  608  433  742  352  374  973	
    pass b: a  868  698  442  270  336  827  146  662  670  277  407  260  101  848  123  857   70  520  325  978  234  855  125  386  583  350  238  889  891  143  652  568		    pass b: b  387  510  608  433  742  352  374  973	
    pass b: a  387  868  698  442  270  336  827  146  662  670  277  407  260  101  848  123  857   70  520  325  978  234  855  125  386  583  350  238  889  891  143  652  568		    pass b: b  510  608  433  742  352  374  973	
    pass b: a  510  387  868  698  442  270  336  827  146  662  670  277  407  260  101  848  123  857   70  520  325  978  234  855  125  386  583  350  238  889  891  143  652  568		    pass b: b  608  433  742  352  374  973	
    pass b: a  608  510  387  868  698  442  270  336  827  146  662  670  277  407  260  101  848  123  857   70  520  325  978  234  855  125  386  583  350  238  889  891  143  652  568		    pass b: b  433  742  352  374  973	
    pass b: a  433  608  510  387  868  698  442  270  336  827  146  662  670  277  407  260  101  848  123  857   70  520  325  978  234  855  125  386  583  350  238  889  891  143  652  568		    pass b: b  742  352  374  973	
    pass b: a  742  433  608  510  387  868  698  442  270  336  827  146  662  670  277  407  260  101  848  123  857   70  520  325  978  234  855  125  386  583  350  238  889  891  143  652  568		    pass b: b  352  374  973	
    pass b: a  352  742  433  608  510  387  868  698  442  270  336  827  146  662  670  277  407  260  101  848  123  857   70  520  325  978  234  855  125  386  583  350  238  889  891  143  652  568		    pass b: b  374  973	
    pass b: a  374  352  742  433  608  510  387  868  698  442  270  336  827  146  662  670  277  407  260  101  848  123  857   70  520  325  978  234  855  125  386  583  350  238  889  891  143  652  568		    pass b: b  973	
    pass b: a  973  374  352  742  433  608  510  387  868  698  442  270  336  827  146  662  670  277  407  260  101  848  123  857   70  520  325  978  234  855  125  386  583  350  238  889  891  143  652  568		    pass b: b	
    pass b: a  260  101  848  123  857   70  520  325  978  234  855  125  386  583  350  238  889  891  143  652  568		    pass b: b  407  277  670  662  146  827  336  270  442  698  868  387  510  608  433  742  352  374  973	
    pass b: a  407  260  101  848  123  857   70  520  325  978  234  855  125  386  583  350  238  889  891  143  652  568		    pass b: b  277  670  662  146  827  336  270  442  698  868  387  510  608  433  742  352  374  973	
    pass b: a  277  407  260  101  848  123  857   70  520  325  978  234  855  125  386  583  350  238  889  891  143  652  568		    pass b: b  670  662  146  827  336  270  442  698  868  387  510  608  433  742  352  374  973	
    pass b: a  670  277  407  260  101  848  123  857   70  520  325  978  234  855  125  386  583  350  238  889  891  143  652  568		    pass b: b  662  146  827  336  270  442  698  868  387  510  608  433  742  352  374  973	
    pass b: a  662  670  277  407  260  101  848  123  857   70  520  325  978  234  855  125  386  583  350  238  889  891  143  652  568		    pass b: b  146  827  336  270  442  698  868  387  510  608  433  742  352  374  973	
    pass b: a  146  662  670  277  407  260  101  848  123  857   70  520  325  978  234  855  125  386  583  350  238  889  891  143  652  568		    pass b: b  827  336  270  442  698  868  387  510  608  433  742  352  374  973	
    pass b: a  827  146  662  670  277  407  260  101  848  123  857   70  520  325  978  234  855  125  386  583  350  238  889  891  143  652  568		    pass b: b  336  270  442  698  868  387  510  608  433  742  352  374  973	
    pass b: a  336  827  146  662  670  277  407  260  101  848  123  857   70  520  325  978  234  855  125  386  583  350  238  889  891  143  652  568		    pass b: b  270  442  698  868  387  510  608  433  742  352  374  973	
    pass b: a  270  336  827  146  662  670  277  407  260  101  848  123  857   70  520  325  978  234  855  125  386  583  350  238  889  891  143  652  568		    pass b: b  442  698  868  387  510  608  433  742  352  374  973	
    pass b: a  442  270  336  827  146  662  670  277  407  260  101  848  123  857   70  520  325  978  234  855  125  386  583  350  238  889  891  143  652  568		    pass b: b  698  868  387  510  608  433  742  352  374  973	
    pass b: a  698  442  270  336  827  146  662  670  277  407  260  101  848  123  857   70  520  325  978  234  855  125  386  583  350  238  889  891  143  652  568		    pass b: b  868  387  510  608  433  742  352  374  973	
    pass b: a  868  698  442  270  336  827  146  662  670  277  407  260  101  848  123  857   70  520  325  978  234  855  125  386  583  350  238  889  891  143  652  568		    pass b: b  387  510  608  433  742  352  374  973	
    pass b: a  387  868  698  442  270  336  827  146  662  670  277  407  260  101  848  123  857   70  520  325  978  234  855  125  386  583  350  238  889  891  143  652  568		    pass b: b  510  608  433  742  352  374  973	
    pass b: a  510  387  868  698  442  270  336  827  146  662  670  277  407  260  101  848  123  857   70  520  325  978  234  855  125  386  583  350  238  889  891  143  652  568		    pass b: b  608  433  742  352  374  973	
    pass b: a  608  510  387  868  698  442  270  336  827  146  662  670  277  407  260  101  848  123  857   70  520  325  978  234  855  125  386  583  350  238  889  891  143  652  568		    pass b: b  433  742  352  374  973	
    pass b: a  433  608  510  387  868  698  442  270  336  827  146  662  670  277  407  260  101  848  123  857   70  520  325  978  234  855  125  386  583  350  238  889  891  143  652  568		    pass b: b  742  352  374  973	
    pass b: a  742  433  608  510  387  868  698  442  270  336  827  146  662  670  277  407  260  101  848  123  857   70  520  325  978  234  855  125  386  583  350  238  889  891  143  652  568		    pass b: b  352  374  973	
    pass b: a  352  742  433  608  510  387  868  698  442  270  336  827  146  662  670  277  407  260  101  848  123  857   70  520  325  978  234  855  125  386  583  350  238  889  891  143  652  568		    pass b: b  374  973	
    pass b: a  374  352  742  433  608  510  387  868  698  442  270  336  827  146  662  670  277  407  260  101  848  123  857   70  520  325  978  234  855  125  386  583  350  238  889  891  143  652  568		    pass b: b  973	
    pass b: a  973  374  352  742  433  608  510  387  868  698  442  270  336  827  146  662  670  277  407  260  101  848  123  857   70  520  325  978  234  855  125  386  583  350  238  889  891  143  652  568		    pass b: b	
    pass b: a  260  101  848  123  857   70  520  325  978  234  855  125  386  583  350  238  889  891  143  652  568		    pass b: b  407  277  670  662  146  827  336  270  442  698  868  387  510  608  433  742  352  374  973	
    pass b: a  407  260  101  848  123  857   70  520  325  978  234  855  125  386  583  350  238  889  891  143  652  568		    pass b: b  277  670  662  146  827  336  270  442  698  868  387  510  608  433  742  352  374  973	
    pass b: a  277  407  260  101  848  123  857   70  520  325  978  234  855  125  386  583  350  238  889  891  143  652  568		    pass b: b  670  662  146  827  336  270  442  698  868  387  510  608  433  742  352  374  973	
    pass b: a  670  277  407  260  101  848  123  857   70  520  325  978  234  855  125  386  583  350  238  889  891  143  652  568		    pass b: b  662  146  827  336  270  442  698  868  387  510  608  433  742  352  374  973	
    pass b: a  662  670  277  407  260  101  848  123  857   70  520  325  978  234  855  125  386  583  350  238  889  891  143  652  568		    pass b: b  146  827  336  270  442  698  868  387  510  608  433  742  352  374  973	
    pass b: a  146  662  670  277  407  260  101  848  123  857   70  520  325  978  234  855  125  386  583  350  238  889  891  143  652  568		    pass b: b  827  336  270  442  698  868  387  510  608  433  742  352  374  973	
    pass b: a  827  146  662  670  277  407  260  101  848  123  857   70  520  325  978  234  855  125  386  583  350  238  889  891  143  652  568		    pass b: b  336  270  442  698  868  387  510  608  433  742  352  374  973	
    pass b: a  336  827  146  662  670  277  407  260  101  848  123  857   70  520  325  978  234  855  125  386  583  350  238  889  891  143  652  568		    pass b: b  270  442  698  868  387  510  608  433  742  352  374  973	
    pass b: a  270  336  827  146  662  670  277  407  260  101  848  123  857   70  520  325  978  234  855  125  386  583  350  238  889  891  143  652  568		    pass b: b  442  698  868  387  510  608  433  742  352  374  973	
    pass b: a  442  270  336  827  146  662  670  277  407  260  101  848  123  857   70  520  325  978  234  855  125  386  583  350  238  889  891  143  652  568		    pass b: b  698  868  387  510  608  433  742  352  374  973	
    pass b: a  698  442  270  336  827  146  662  670  277  407  260  101  848  123  857   70  520  325  978  234  855  125  386  583  350  238  889  891  143  652  568		    pass b: b  868  387  510  608  433  742  352  374  973	
    pass b: a  868  698  442  270  336  827  146  662  670  277  407  260  101  848  123  857   70  520  325  978  234  855  125  386  583  350  238  889  891  143  652  568		    pass b: b  387  510  608  433  742  352  374  973	
    pass b: a  387  868  698  442  270  336  827  146  662  670  277  407  260  101  848  123  857   70  520  325  978  234  855  125  386  583  350  238  889  891  143  652  568		    pass b: b  510  608  433  742  352  374  973	
    pass b: a  510  387  868  698  442  270  336  827  146  662  670  277  407  260  101  848  123  857   70  520  325  978  234  855  125  386  583  350  238  889  891  143  652  568		    pass b: b  608  433  742  352  374  973	
    pass b: a  608  510  387  868  698  442  270  336  827  146  662  670  277  407  260  101  848  123  857   70  520  325  978  234  855  125  386  583  350  238  889  891  143  652  568		    pass b: b  433  742  352  374  973	
    pass b: a  433  608  510  387  868  698  442  270  336  827  146  662  670  277  407  260  101  848  123  857   70  520  325  978  234  855  125  386  583  350  238  889  891  143  652  568		    pass b: b  742  352  374  973	
    pass b: a  742  433  608  510  387  868  698  442  270  336  827  146  662  670  277  407  260  101  848  123  857   70  520  325  978  234  855  125  386  583  350  238  889  891  143  652  568		    pass b: b  352  374  973	
    pass b: a  352  742  433  608  510  387  868  698  442  270  336  827  146  662  670  277  407  260  101  848  123  857   70  520  325  978  234  855  125  386  583  350  238  889  891  143  652  568		    pass b: b  374  973	
    pass b: a  374  352  742  433  608  510  387  868  698  442  270  336  827  146  662  670  277  407  260  101  848  123  857   70  520  325  978  234  855  125  386  583  350  238  889  891  143  652  568		    pass b: b  973	
    pass b: a  973  374  352  742  433  608  510  387  868  698  442  270  336  827  146  662  670  277  407  260  101  848  123  857   70  520  325  978  234  855  125  386  583  350  238  889  891  143  652  568		    pass b: b	
    pass b: a  260  101  848  123  857   70  520  325  978  234  855  125  386  583  350  238  889  891  143  652  568		    pass b: b  407  277  670  662  146  827  336  270  442  698  868  387  510  608  433  742  352  374  973	
    pass b: a  407  260  101  848  123  857   70  520  325  978  234  855  125  386  583  350  238  889  891  143  652  568		    pass b: b  277  670  662  146  827  336  270  442  698  868  387  510  608  433  742  352  374  973	
    pass b: a  277  407  260  101  848  123  857   70  520  325  978  234  855  125  386  583  350  238  889  891  143  652  568		    pass b: b  670  662  146  827  336  270  442  698  868  387  510  608  433  742  352  374  973	
    pass b: a  670  277  407  260  101  848  123  857   70  520  325  978  234  855  125  386  583  350  238  889  891  143  652  568		    pass b: b  662  146  827  336  270  442  698  868  387  510  608  433  742  352  374  973	
    pass b: a  662  670  277  407  260  101  848  123  857   70  520  325  978  234  855  125  386  583  350  238  889  891  143  652  568		    pass b: b  146  827  336  270  442  698  868  387  510  608  433  742  352  374  973	
    pass b: a  146  662  670  277  407  260  101  848  123  857   70  520  325  978  234  855  125  386  583  350  238  889  891  143  652  568		    pass b: b  827  336  270  442  698  868  387  510  608  433  742  352  374  973	
    pass b: a  827  146  662  670  277  407  260  101  848  123  857   70  520  325  978  234  855  125  386  583  350  238  889  891  143  652  568		    pass b: b  336  270  442  698  868  387  510  608  433  742  352  374  973	
    pass b: a  336  827  146  662  670  277  407  260  101  848  123  857   70  520  325  978  234  855  125  386  583  350  238  889  891  143  652  568		    pass b: b  270  442  698  868  387  510  608  433  742  352  374  973	
    pass b: a  270  336  827  146  662  670  277  407  260  101  848  123  857   70  520  325  978  234  855  125  386  583  350  238  889  891  143  652  568		    pass b: b  442  698  868  387  510  608  433  742  352  374  973	
    pass b: a  442  270  336  827  146  662  670  277  407  260  101  848  123  857   70  520  325  978  234  855  125  386  583  350  238  889  891  143  652  568		    pass b: b  698  868  387  510  608  433  742  352  374  973	
    pass b: a  698  442  270  336  827  146  662  670  277  407  260  101  848  123  857   70  520  325  978  234  855  125  386  583  350  238  889  891  143  652  568		    pass b: b  868  387  510  608  433  742  352  374  973	
    pass b: a  868  698  442  270  336  827  146  662  670  277  407  260  101  848  123  857   70  520  325  978  234  855  125  386  583  350  238  889  891  143  652  568		    pass b: b  387  510  608  433  742  352  374  973	
    pass b: a  387  868  698  442  270  336  827  146  662  670  277  407  260  101  848  123  857   70  520  325  978  234  855  125  386  583  350  238  889  891  143  652  568		    pass b: b  510  608  433  742  352  374  973	
    pass b: a  510  387  868  698  442  270  336  827  146  662  670  277  407  260  101  848  123  857   70  520  325  978  234  855  125  386  583  350  238  889  891  143  652  568		    pass b: b  608  433  742  352  374  973	
    pass b: a  608  510  387  868  698  442  270  336  827  146  662  670  277  407  260  101  848  123  857   70  520  325  978  234  855  125  386  583  350  238  889  891  143  652  568		    pass b: b  433  742  352  374  973	
    pass b: a  433  608  510  387  868  698  442  270  336  827  146  662  670  277  407  260  101  848  123  857   70  520  325  978  234  855  125  386  583  350  238  889  891  143  652  568		    pass b: b  742  352  374  973	
    pass b: a  742  433  608  510  387  868  698  442  270  336  827  146  662  670  277  407  260  101  848  123  857   70  520  325  978  234  855  125  386  583  350  238  889  891  143  652  568		    pass b: b  352  374  973	
    pass b: a  352  742  433  608  510  387  868  698  442  270  336  827  146  662  670  277  407  260  101  848  123  857   70  520  325  978  234  855  125  386  583  350  238  889  891  143  652  568		    pass b: b  374  973	
    pass b: a  374  352  742  433  608  510  387  868  698  442  270  336  827  146  662  670  277  407  260  101  848  123  857   70  520  325  978  234  855  125  386  583  350  238  889  891  143  652  568		    pass b: b  973	
    pass b: a  973  374  352  742  433  608  510  387  868  698  442  270  336  827  146  662  670  277  407  260  101  848  123  857   70  520  325  978  234  855  125  386  583  350  238  889  891  143  652  568		    pass b: b	
    pass b: a  260  101  848  123  857   70  520  325  978  234  855  125  386  583  350  238  889  891  143  652  568		    pass b: b  407  277  670  662  146  827  336  270  442  698  868  387  510  608  433  742  352  374  973	
    pass b: a  407  260  101  848  123  857   70  520  325  978  234  855  125  386  583  350  238  889  891  143  652  568		    pass b: b  277  670  662  146  827  336  270  442  698  868  387  510  608  433  742  352  374  973	
    pass b: a  277  407  260  101  848  123  857   70  520  325  978  234  855  125  386  583  350  238  889  891  143  652  568		    pass b: b  670  662  146  827  336  270  442  698  868  387  510  608  433  742  352  374  973	
    pass b: a  670  277  407  260  101  848  123  857   70  520  325  978  234  855  125  386  583  350  238  889  891  143  652  568		    pass b: b  662  146  827  336  270  442  698  868  387  510  608  433  742  352  374  973	
    pass b: a  662  670  277  407  260  101  848  123  857   70  520  325  978  234  855  125  386  583  350  238  889  891  143  652  568		    pass b: b  146  827  336  270  442  698  868  387  510  608  433  742  352  374  973	
    pass b: a  146  662  670  277  407  260  101  848  123  857   70  520  325  978  234  855  125  386  583  350  238  889  891  143  652  568		    pass b: b  827  336  270  442  698  868  387  510  608  433  742  352  374  973	
    pass b: a  827  146  662  670  277  407  260  101  848  123  857   70  520  325  978  234  855  125  386  583  350  238  889  891  143  652  568		    pass b: b  336  270  442  698  868  387  510  608  433  742  352  374  973	
    pass b: a  336  827  146  662  670  277  407  260  101  848  123  857   70  520  325  978  234  855  125  386  583  350  238  889  891  143  652  568		    pass b: b  270  442  698  868  387  510  608  433  742  352  374  973	
    pass b: a  270  336  827  146  662  670  277  407  260  101  848  123  857   70  520  325  978  234  855  125  386  583  350  238  889  891  143  652  568		    pass b: b  442  698  868  387  510  608  433  742  352  374  973	
    pass b: a  442  270  336  827  146  662  670  277  407  260  101  848  123  857   70  520  325  978  234  855  125  386  583  350  238  889  891  143  652  568		    pass b: b  698  868  387  510  608  433  742  352  374  973	
    pass b: a  698  442  270  336  827  146  662  670  277  407  260  101  848  123  857   70  520  325  978  234  855  125  386  583  350  238  889  891  143  652  568		    pass b: b  868  387  510  608  433  742  352  374  973	
    pass b: a  868  698  442  270  336  827  146  662  670  277  407  260  101  848  123  857   70  520  325  978  234  855  125  386  583  350  238  889  891  143  652  568		    pass b: b  387  510  608  433  742  352  374  973	
    pass b: a  387  868  698  442  270  336  827  146  662  670  277  407  260  101  848  123  857   70  520  325  978  234  855  125  386  583  350  238  889  891  143  652  568		    pass b: b  510  608  433  742  352  374  973	
    pass b: a  510  387  868  698  442  270  336  827  146  662  670  277  407  260  101  848  123  857   70  520  325  978  234  855  125  386  583  350  238  889  891  143  652  568		    pass b: b  608  433  742  352  374  973	
    pass b: a  608  510  387  868  698  442  270  336  827  146  662  670  277  407  260  101  848  123  857   70  520  325  978  234  855  125  386  583  350  238  889  891  143  652  568		    pass b: b  433  742  352  374  973	
    pass b: a  433  608  510  387  868  698  442  270  336  827  146  662  670  277  407  260  101  848  123  857   70  520  325  978  234  855  125  386  583  350  238  889  891  143  652  568		    pass b: b  742  352  374  973	
    pass b: a  742  433  608  510  387  868  698  442  270  336  827  146  662  670  277  407  260  101  848  123  857   70  520  325  978  234  855  125  386  583  350  238  889  891  143  652  568		    pass b: b  352  374  973	
    pass b: a  352  742  433  608  510  387  868  698  442  270  336  827  146  662  670  277  407  260  101  848  123  857   70  520  325  978  234  855  125  386  583  350  238  889  891  143  652  568		    pass b: b  374  973	
    pass b: a  374  352  742  433  608  510  387  868  698  442  270  336  827  146  662  670  277  407  260  101  848  123  857   70  520  325  978  234  855  125  386  583  350  238  889  891  143  652  568		    pass b: b  973	
    pass b: a  973  374  352  742  433  608  510  387  868  698  442  270  336  827  146  662  670  277  407  260  101  848  123  857   70  520  325  978  234  855  125  386  583  350  238  889  891  143  652  568		    pass b: b	
    pass b: a  260  101  848  123  857   70  520  325  978  234  855  125  386  583  350  238  889  891  143  652  568		    pass b: b  407  277  670  662  146  827  336  270  442  698  868  387  510  608  433  742  352  374  973	
    pass b: a  407  260  101  848  123  857   70  520  325  978  234  855  125  386  583  350  238  889  891  143  652  568		    pass b: b  277  670  662  146  827  336  270  442  698  868  387  510  608  433  742  352  374  973	
    pass b: a  277  407  260  101  848  123  857   70  520  325  978  234  855  125  386  583  350  238  889  891  143  652  568		    pass b: b  670  662  146  827  336  270  442  698  868  387  510  608  433  742  352  374  973	
    pass b: a  670  277  407  260  101  848  123  857   70  520  325  978  234  855  125  386  583  350  238  889  891  143  652  568		    pass b: b  662  146  827  336  270  442  698  868  387  510  608  433  742  352  374  973	
    pass b: a  662  670  277  407  260  101  848  123  857   70  520  325  978  234  855  125  386  583  350  238  889  891  143  652  568		    pass b: b  146  827  336  270  442  698  868  387  510  608  433  742  352  374  973	
    pass b: a  146  662  670  277  407  260  101  848  123  857   70  520  325  978  234  855  125  386  583  350  238  889  891  143  652  568		    pass b: b  827  336  270  442  698  868  387  510  608  433  742  352  374  973	
    pass b: a  827  146  662  670  277  407  260  101  848  123  857   70  520  325  978  234  855  125  386  583  350  238  889  891  143  652  568		    pass b: b  336  270  442  698  868  387  510  608  433  742  352  374  973	
    pass b: a  336  827  146  662  670  277  407  260  101  848  123  857   70  520  325  978  234  855  125  386  583  350  238  889  891  143  652  568		    pass b: b  270  442  698  868  387  510  608  433  742  352  374  973	
    pass b: a  270  336  827  146  662  670  277  407  260  101  848  123  857   70  520  325  978  234  855  125  386  583  350  238  889  891  143  652  568		    pass b: b  442  698  868  387  510  608  433  742  352  374  973	
    pass b: a  442  270  336  827  146  662  670  277  407  260  101  848  123  857   70  520  325  978  234  855  125  386  583  350  238  889  891  143  652  568		    pass b: b  698  868  387  510  608  433  742  352  374  973	
    pass b: a  698  442  270  336  827  146  662  670  277  407  260  101  848  123  857   70  520  325  978  234  855  125  386  583  350  238  889  891  143  652  568		    pass b: b  868  387  510  608  433  742  352  374  973	
    pass b: a  868  698  442  270  336  827  146  662  670  277  407  260  101  848  123  857   70  520  325  978  234  855  125  386  583  350  238  889  891  143  652  568		    pass b: b  387  510  608  433  742  352  374  973	
    pass b: a  387  868  698  442  270  336  827  146  662  670  277  407  260  101  848  123  857   70  520  325  978  234  855  125  386  583  350  238  889  891  143  652  568		    pass b: b  510  608  433  742  352  374  973	
    pass b: a  510  387  868  698  442  270  336  827  146  662  670  277  407  260  101  848  123  857   70  520  325  978  234  855  125  386  583  350  238  889  891  143  652  568		    pass b: b  608  433  742  352  374  973	
    pass b: a  608  510  387  868  698  442  270  336  827  146  662  670  277  407  260  101  848  123  857   70  520  325  978  234  855  125  386  583  350  238  889  891  143  652  568		    pass b: b  433  742  352  374  973	
    pass b: a  433  608  510  387  868  698  442  270  336  827  146  662  670  277  407  260  101  848  123  857   70  520  325  978  234  855  125  386  583  350  238  889  891  143  652  568		    pass b: b  742  352  374  973	
    pass b: a  742  433  608  510  387  868  698  442  270  336  827  146  662  670  277  407  260  101  848  123  857   70  520  325  978  234  855  125  386  583  350  238  889  891  143  652  568		    pass b: b  352  374  973	
    pass b: a  352  742  433  608  510  387  868  698  442  270  336  827  146  662  670  277  407  260  101  848  123  857   70  520  325  978  234  855  125  386  583  350  238  889  891  143  652  568		    pass b: b  374  973	
    pass b: a  374  352  742  433  608  510  387  868  698  442  270  336  827  146  662  670  277  407  260  101  848  123  857   70  520  325  978  234  855  125  386  583  350  238  889  891  143  652  568		    pass b: b  973	
    pass b: a  973  374  352  742  433  608  510  387  868  698  442  270  336  827  146  662  670  277  407  260  101  848  123  857   70  520  325  978  234  855  125  386  583  350  238  889  891  143  652  568		    pass b: b	

Algorithm 7	Sorting End: 240


Printing Algorithm: 7

    pass b: a  260  101  848  123  857   70  520  325  978  234  855  125  386  583  350  238  889  891  143  652  568		    pass b: b  407  277  670  662  146  827  336  270  442  698  868  387  510  608  433  742  352  374  973	
    pass b: a  407  260  101  848  123  857   70  520  325  978  234  855  125  386  583  350  238  889  891  143  652  568		    pass b: b  277  670  662  146  827  336  270  442  698  868  387  510  608  433  742  352  374  973	
    pass b: a  277  407  260  101  848  123  857   70  520  325  978  234  855  125  386  583  350  238  889  891  143  652  568		    pass b: b  670  662  146  827  336  270  442  698  868  387  510  608  433  742  352  374  973	
    pass b: a  670  277  407  260  101  848  123  857   70  520  325  978  234  855  125  386  583  350  238  889  891  143  652  568		    pass b: b  662  146  827  336  270  442  698  868  387  510  608  433  742  352  374  973	
    pass b: a  662  670  277  407  260  101  848  123  857   70  520  325  978  234  855  125  386  583  350  238  889  891  143  652  568		    pass b: b  146  827  336  270  442  698  868  387  510  608  433  742  352  374  973	
    pass b: a  146  662  670  277  407  260  101  848  123  857   70  520  325  978  234  855  125  386  583  350  238  889  891  143  652  568		    pass b: b  827  336  270  442  698  868  387  510  608  433  742  352  374  973	
    pass b: a  827  146  662  670  277  407  260  101  848  123  857   70  520  325  978  234  855  125  386  583  350  238  889  891  143  652  568		    pass b: b  336  270  442  698  868  387  510  608  433  742  352  374  973	
    pass b: a  336  827  146  662  670  277  407  260  101  848  123  857   70  520  325  978  234  855  125  386  583  350  238  889  891  143  652  568		    pass b: b  270  442  698  868  387  510  608  433  742  352  374  973	
    pass b: a  270  336  827  146  662  670  277  407  260  101  848  123  857   70  520  325  978  234  855  125  386  583  350  238  889  891  143  652  568		    pass b: b  442  698  868  387  510  608  433  742  352  374  973	
    pass b: a  442  270  336  827  146  662  670  277  407  260  101  848  123  857   70  520  325  978  234  855  125  386  583  350  238  889  891  143  652  568		    pass b: b  698  868  387  510  608  433  742  352  374  973	
    pass b: a  698  442  270  336  827  146  662  670  277  407  260  101  848  123  857   70  520  325  978  234  855  125  386  583  350  238  889  891  143  652  568		    pass b: b  868  387  510  608  433  742  352  374  973	
    pass b: a  868  698  442  270  336  827  146  662  670  277  407  260  101  848  123  857   70  520  325  978  234  855  125  386  583  350  238  889  891  143  652  568		    pass b: b  387  510  608  433  742  352  374  973	
    pass b: a  387  868  698  442  270  336  827  146  662  670  277  407  260  101  848  123  857   70  520  325  978  234  855  125  386  583  350  238  889  891  143  652  568		    pass b: b  510  608  433  742  352  374  973	
    pass b: a  510  387  868  698  442  270  336  827  146  662  670  277  407  260  101  848  123  857   70  520  325  978  234  855  125  386  583  350  238  889  891  143  652  568		    pass b: b  608  433  742  352  374  973	
    pass b: a  608  510  387  868  698  442  270  336  827  146  662  670  277  407  260  101  848  123  857   70  520  325  978  234  855  125  386  583  350  238  889  891  143  652  568		    pass b: b  433  742  352  374  973	
    pass b: a  433  608  510  387  868  698  442  270  336  827  146  662  670  277  407  260  101  848  123  857   70  520  325  978  234  855  125  386  583  350  238  889  891  143  652  568		    pass b: b  742  352  374  973	
    pass b: a  742  433  608  510  387  868  698  442  270  336  827  146  662  670  277  407  260  101  848  123  857   70  520  325  978  234  855  125  386  583  350  238  889  891  143  652  568		    pass b: b  352  374  973	
    pass b: a  352  742  433  608  510  387  868  698  442  270  336  827  146  662  670  277  407  260  101  848  123  857   70  520  325  978  234  855  125  386  583  350  238  889  891  143  652  568		    pass b: b  374  973	
    pass b: a  374  352  742  433  608  510  387  868  698  442  270  336  827  146  662  670  277  407  260  101  848  123  857   70  520  325  978  234  855  125  386  583  350  238  889  891  143  652  568		    pass b: b  973	
    pass b: a  973  374  352  742  433  608  510  387  868  698  442  270  336  827  146  662  670  277  407  260  101  848  123  857   70  520  325  978  234  855  125  386  583  350  238  889  891  143  652  568		    pass b: b	
    pass b: a  260  101  848  123  857   70  520  325  978  234  855  125  386  583  350  238  889  891  143  652  568		    pass b: b  407  277  670  662  146  827  336  270  442  698  868  387  510  608  433  742  352  374  973	
    pass b: a  407  260  101  848  123  857   70  520  325  978  234  855  125  386  583  350  238  889  891  143  652  568		    pass b: b  277  670  662  146  827  336  270  442  698  868  387  510  608  433  742  352  374  973	
    pass b: a  277  407  260  101  848  123  857   70  520  325  978  234  855  125  386  583  350  238  889  891  143  652  568		    pass b: b  670  662  146  827  336  270  442  698  868  387  510  608  433  742  352  374  973	
    pass b: a  670  277  407  260  101  848  123  857   70  520  325  978  234  855  125  386  583  350  238  889  891  143  652  568		    pass b: b  662  146  827  336  270  442  698  868  387  510  608  433  742  352  374  973	
    pass b: a  662  670  277  407  260  101  848  123  857   70  520  325  978  234  855  125  386  583  350  238  889  891  143  652  568		    pass b: b  146  827  336  270  442  698  868  387  510  608  433  742  352  374  973	
    pass b: a  146  662  670  277  407  260  101  848  123  857   70  520  325  978  234  855  125  386  583  350  238  889  891  143  652  568		    pass b: b  827  336  270  442  698  868  387  510  608  433  742  352  374  973	
    pass b: a  827  146  662  670  277  407  260  101  848  123  857   70  520  325  978  234  855  125  386  583  350  238  889  891  143  652  568		    pass b: b  336  270  442  698  868  387  510  608  433  742  352  374  973	
    pass b: a  336  827  146  662  670  277  407  260  101  848  123  857   70  520  325  978  234  855  125  386  583  350  238  889  891  143  652  568		    pass b: b  270  442  698  868  387  510  608  433  742  352  374  973	
    pass b: a  270  336  827  146  662  670  277  407  260  101  848  123  857   70  520  325  978  234  855  125  386  583  350  238  889  891  143  652  568		    pass b: b  442  698  868  387  510  608  433  742  352  374  973	
    pass b: a  442  270  336  827  146  662  670  277  407  260  101  848  123  857   70  520  325  978  234  855  125  386  583  350  238  889  891  143  652  568		    pass b: b  698  868  387  510  608  433  742  352  374  973	
    pass b: a  698  442  270  336  827  146  662  670  277  407  260  101  848  123  857   70  520  325  978  234  855  125  386  583  350  238  889  891  143  652  568		    pass b: b  868  387  510  608  433  742  352  374  973	
    pass b: a  868  698  442  270  336  827  146  662  670  277  407  260  101  848  123  857   70  520  325  978  234  855  125  386  583  350  238  889  891  143  652  568		    pass b: b  387  510  608  433  742  352  374  973	
    pass b: a  387  868  698  442  270  336  827  146  662  670  277  407  260  101  848  123  857   70  520  325  978  234  855  125  386  583  350  238  889  891  143  652  568		    pass b: b  510  608  433  742  352  374  973	
    pass b: a  510  387  868  698  442  270  336  827  146  662  670  277  407  260  101  848  123  857   70  520  325  978  234  855  125  386  583  350  238  889  891  143  652  568		    pass b: b  608  433  742  352  374  973	
    pass b: a  608  510  387  868  698  442  270  336  827  146  662  670  277  407  260  101  848  123  857   70  520  325  978  234  855  125  386  583  350  238  889  891  143  652  568		    pass b: b  433  742  352  374  973	
    pass b: a  433  608  510  387  868  698  442  270  336  827  146  662  670  277  407  260  101  848  123  857   70  520  325  978  234  855  125  386  583  350  238  889  891  143  652  568		    pass b: b  742  352  374  973	
    pass b: a  742  433  608  510  387  868  698  442  270  336  827  146  662  670  277  407  260  101  848  123  857   70  520  325  978  234  855  125  386  583  350  238  889  891  143  652  568		    pass b: b  352  374  973	
    pass b: a  352  742  433  608  510  387  868  698  442  270  336  827  146  662  670  277  407  260  101  848  123  857   70  520  325  978  234  855  125  386  583  350  238  889  891  143  652  568		    pass b: b  374  973	
    pass b: a  374  352  742  433  608  510  387  868  698  442  270  336  827  146  662  670  277  407  260  101  848  123  857   70  520  325  978  234  855  125  386  583  350  238  889  891  143  652  568		    pass b: b  973	
    pass b: a  973  374  352  742  433  608  510  387  868  698  442  270  336  827  146  662  670  277  407  260  101  848  123  857   70  520  325  978  234  855  125  386  583  350  238  889  891  143  652  568		    pass b: b	
    pass b: a  260  101  848  123  857   70  520  325  978  234  855  125  386  583  350  238  889  891  143  652  568		    pass b: b  407  277  670  662  146  827  336  270  442  698  868  387  510  608  433  742  352  374  973	
    pass b: a  407  260  101  848  123  857   70  520  325  978  234  855  125  386  583  350  238  889  891  143  652  568		    pass b: b  277  670  662  146  827  336  270  442  698  868  387  510  608  433  742  352  374  973	
    pass b: a  277  407  260  101  848  123  857   70  520  325  978  234  855  125  386  583  350  238  889  891  143  652  568		    pass b: b  670  662  146  827  336  270  442  698  868  387  510  608  433  742  352  374  973	
    pass b: a  670  277  407  260  101  848  123  857   70  520  325  978  234  855  125  386  583  350  238  889  891  143  652  568		    pass b: b  662  146  827  336  270  442  698  868  387  510  608  433  742  352  374  973	
    pass b: a  662  670  277  407  260  101  848  123  857   70  520  325  978  234  855  125  386  583  350  238  889  891  143  652  568		    pass b: b  146  827  336  270  442  698  868  387  510  608  433  742  352  374  973	
    pass b: a  146  662  670  277  407  260  101  848  123  857   70  520  325  978  234  855  125  386  583  350  238  889  891  143  652  568		    pass b: b  827  336  270  442  698  868  387  510  608  433  742  352  374  973	
    pass b: a  827  146  662  670  277  407  260  101  848  123  857   70  520  325  978  234  855  125  386  583  350  238  889  891  143  652  568		    pass b: b  336  270  442  698  868  387  510  608  433  742  352  374  973	
    pass b: a  336  827  146  662  670  277  407  260  101  848  123  857   70  520  325  978  234  855  125  386  583  350  238  889  891  143  652  568		    pass b: b  270  442  698  868  387  510  608  433  742  352  374  973	
    pass b: a  270  336  827  146  662  670  277  407  260  101  848  123  857   70  520  325  978  234  855  125  386  583  350  238  889  891  143  652  568		    pass b: b  442  698  868  387  510  608  433  742  352  374  973	
    pass b: a  442  270  336  827  146  662  670  277  407  260  101  848  123  857   70  520  325  978  234  855  125  386  583  350  238  889  891  143  652  568		    pass b: b  698  868  387  510  608  433  742  352  374  973	
    pass b: a  698  442  270  336  827  146  662  670  277  407  260  101  848  123  857   70  520  325  978  234  855  125  386  583  350  238  889  891  143  652  568		    pass b: b  868  387  510  608  433  742  352  374  973	
    pass b: a  868  698  442  270  336  827  146  662  670  277  407  260  101  848  123  857   70  520  325  978  234  855  125  386  583  350  238  889  891  143  652  568		    pass b: b  387  510  608  433  742  352  374  973	
    pass b: a  387  868  698  442  270  336  827  146  662  670  277  407  260  101  848  123  857   70  520  325  978  234  855  125  386  583  350  238  889  891  143  652  568		    pass b: b  510  608  433  742  352  374  973	
    pass b: a  510  387  868  698  442  270  336  827  146  662  670  277  407  260  101  848  123  857   70  520  325  978  234  855  125  386  583  350  238  889  891  143  652  568		    pass b: b  608  433  742  352  374  973	
    pass b: a  608  510  387  868  698  442  270  336  827  146  662  670  277  407  260  101  848  123  857   70  520  325  978  234  855  125  386  583  350  238  889  891  143  652  568		    pass b: b  433  742  352  374  973	
    pass b: a  433  608  510  387  868  698  442  270  336  827  146  662  670  277  407  260  101  848  123  857   70  520  325  978  234  855  125  386  583  350  238  889  891  143  652  568		    pass b: b  742  352  374  973	
    pass b: a  742  433  608  510  387  868  698  442  270  336  827  146  662  670  277  407  260  101  848  123  857   70  520  325  978  234  855  125  386  583  350  238  889  891  143  652  568		    pass b: b  352  374  973	
    pass b: a  352  742  433  608  510  387  868  698  442  270  336  827  146  662  670  277  407  260  101  848  123  857   70  520  325  978  234  855  125  386  583  350  238  889  891  143  652  568		    pass b: b  374  973	
    pass b: a  374  352  742  433  608  510  387  868  698  442  270  336  827  146  662  670  277  407  260  101  848  123  857   70  520  325  978  234  855  125  386  583  350  238  889  891  143  652  568		    pass b: b  973	
    pass b: a  973  374  352  742  433  608  510  387  868  698  442  270  336  827  146  662  670  277  407  260  101  848  123  857   70  520  325  978  234  855  125  386  583  350  238  889  891  143  652  568		    pass b: b	
    pass b: a  260  101  848  123  857   70  520  325  978  234  855  125  386  583  350  238  889  891  143  652  568		    pass b: b  407  277  670  662  146  827  336  270  442  698  868  387  510  608  433  742  352  374  973	
    pass b: a  407  260  101  848  123  857   70  520  325  978  234  855  125  386  583  350  238  889  891  143  652  568		    pass b: b  277  670  662  146  827  336  270  442  698  868  387  510  608  433  742  352  374  973	
    pass b: a  277  407  260  101  848  123  857   70  520  325  978  234  855  125  386  583  350  238  889  891  143  652  568		    pass b: b  670  662  146  827  336  270  442  698  868  387  510  608  433  742  352  374  973	
    pass b: a  670  277  407  260  101  848  123  857   70  520  325  978  234  855  125  386  583  350  238  889  891  143  652  568		    pass b: b  662  146  827  336  270  442  698  868  387  510  608  433  742  352  374  973	
    pass b: a  662  670  277  407  260  101  848  123  857   70  520  325  978  234  855  125  386  583  350  238  889  891  143  652  568		    pass b: b  146  827  336  270  442  698  868  387  510  608  433  742  352  374  973	
    pass b: a  146  662  670  277  407  260  101  848  123  857   70  520  325  978  234  855  125  386  583  350  238  889  891  143  652  568		    pass b: b  827  336  270  442  698  868  387  510  608  433  742  352  374  973	
    pass b: a  827  146  662  670  277  407  260  101  848  123  857   70  520  325  978  234  855  125  386  583  350  238  889  891  143  652  568		    pass b: b  336  270  442  698  868  387  510  608  433  742  352  374  973	
    pass b: a  336  827  146  662  670  277  407  260  101  848  123  857   70  520  325  978  234  855  125  386  583  350  238  889  891  143  652  568		    pass b: b  270  442  698  868  387  510  608  433  742  352  374  973	
    pass b: a  270  336  827  146  662  670  277  407  260  101  848  123  857   70  520  325  978  234  855  125  386  583  350  238  889  891  143  652  568		    pass b: b  442  698  868  387  510  608  433  742  352  374  973	
    pass b: a  442  270  336  827  146  662  670  277  407  260  101  848  123  857   70  520  325  978  234  855  125  386  583  350  238  889  891  143  652  568		    pass b: b  698  868  387  510  608  433  742  352  374  973	
    pass b: a  698  442  270  336  827  146  662  670  277  407  260  101  848  123  857   70  520  325  978  234  855  125  386  583  350  238  889  891  143  652  568		    pass b: b  868  387  510  608  433  742  352  374  973	
    pass b: a  868  698  442  270  336  827  146  662  670  277  407  260  101  848  123  857   70  520  325  978  234  855  125  386  583  350  238  889  891  143  652  568		    pass b: b  387  510  608  433  742  352  374  973	
    pass b: a  387  868  698  442  270  336  827  146  662  670  277  407  260  101  848  123  857   70  520  325  978  234  855  125  386  583  350  238  889  891  143  652  568		    pass b: b  510  608  433  742  352  374  973	
    pass b: a  510  387  868  698  442  270  336  827  146  662  670  277  407  260  101  848  123  857   70  520  325  978  234  855  125  386  583  350  238  889  891  143  652  568		    pass b: b  608  433  742  352  374  973	
    pass b: a  608  510  387  868  698  442  270  336  827  146  662  670  277  407  260  101  848  123  857   70  520  325  978  234  855  125  386  583  350  238  889  891  143  652  568		    pass b: b  433  742  352  374  973	
    pass b: a  433  608  510  387  868  698  442  270  336  827  146  662  670  277  407  260  101  848  123  857   70  520  325  978  234  855  125  386  583  350  238  889  891  143  652  568		    pass b: b  742  352  374  973	
    pass b: a  742  433  608  510  387  868  698  442  270  336  827  146  662  670  277  407  260  101  848  123  857   70  520  325  978  234  855  125  386  583  350  238  889  891  143  652  568		    pass b: b  352  374  973	
    pass b: a  352  742  433  608  510  387  868  698  442  270  336  827  146  662  670  277  407  260  101  848  123  857   70  520  325  978  234  855  125  386  583  350  238  889  891  143  652  568		    pass b: b  374  973	
    pass b: a  374  352  742  433  608  510  387  868  698  442  270  336  827  146  662  670  277  407  260  101  848  123  857   70  520  325  978  234  855  125  386  583  350  238  889  891  143  652  568		    pass b: b  973	
    pass b: a  973  374  352  742  433  608  510  387  868  698  442  270  336  827  146  662  670  277  407  260  101  848  123  857   70  520  325  978  234  855  125  386  583  350  238  889  891  143  652  568		    pass b: b	
    pass b: a  260  101  848  123  857   70  520  325  978  234  855  125  386  583  350  238  889  891  143  652  568		    pass b: b  407  277  670  662  146  827  336  270  442  698  868  387  510  608  433  742  352  374  973	
    pass b: a  407  260  101  848  123  857   70  520  325  978  234  855  125  386  583  350  238  889  891  143  652  568		    pass b: b  277  670  662  146  827  336  270  442  698  868  387  510  608  433  742  352  374  973	
    pass b: a  277  407  260  101  848  123  857   70  520  325  978  234  855  125  386  583  350  238  889  891  143  652  568		    pass b: b  670  662  146  827  336  270  442  698  868  387  510  608  433  742  352  374  973	
    pass b: a  670  277  407  260  101  848  123  857   70  520  325  978  234  855  125  386  583  350  238  889  891  143  652  568		    pass b: b  662  146  827  336  270  442  698  868  387  510  608  433  742  352  374  973	
    pass b: a  662  670  277  407  260  101  848  123  857   70  520  325  978  234  855  125  386  583  350  238  889  891  143  652  568		    pass b: b  146  827  336  270  442  698  868  387  510  608  433  742  352  374  973	
    pass b: a  146  662  670  277  407  260  101  848  123  857   70  520  325  978  234  855  125  386  583  350  238  889  891  143  652  568		    pass b: b  827  336  270  442  698  868  387  510  608  433  742  352  374  973	
    pass b: a  827  146  662  670  277  407  260  101  848  123  857   70  520  325  978  234  855  125  386  583  350  238  889  891  143  652  568		    pass b: b  336  270  442  698  868  387  510  608  433  742  352  374  973	
    pass b: a  336  827  146  662  670  277  407  260  101  848  123  857   70  520  325  978  234  855  125  386  583  350  238  889  891  143  652  568		    pass b: b  270  442  698  868  387  510  608  433  742  352  374  973	
    pass b: a  270  336  827  146  662  670  277  407  260  101  848  123  857   70  520  325  978  234  855  125  386  583  350  238  889  891  143  652  568		    pass b: b  442  698  868  387  510  608  433  742  352  374  973	
    pass b: a  442  270  336  827  146  662  670  277  407  260  101  848  123  857   70  520  325  978  234  855  125  386  583  350  238  889  891  143  652  568		    pass b: b  698  868  387  510  608  433  742  352  374  973	
    pass b: a  698  442  270  336  827  146  662  670  277  407  260  101  848  123  857   70  520  325  978  234  855  125  386  583  350  238  889  891  143  652  568		    pass b: b  868  387  510  608  433  742  352  374  973	
    pass b: a  868  698  442  270  336  827  146  662  670  277  407  260  101  848  123  857   70  520  325  978  234  855  125  386  583  350  238  889  891  143  652  568		    pass b: b  387  510  608  433  742  352  374  973	
    pass b: a  387  868  698  442  270  336  827  146  662  670  277  407  260  101  848  123  857   70  520  325  978  234  855  125  386  583  350  238  889  891  143  652  568		    pass b: b  510  608  433  742  352  374  973	
    pass b: a  510  387  868  698  442  270  336  827  146  662  670  277  407  260  101  848  123  857   70  520  325  978  234  855  125  386  583  350  238  889  891  143  652  568		    pass b: b  608  433  742  352  374  973	
    pass b: a  608  510  387  868  698  442  270  336  827  146  662  670  277  407  260  101  848  123  857   70  520  325  978  234  855  125  386  583  350  238  889  891  143  652  568		    pass b: b  433  742  352  374  973	
    pass b: a  433  608  510  387  868  698  442  270  336  827  146  662  670  277  407  260  101  848  123  857   70  520  325  978  234  855  125  386  583  350  238  889  891  143  652  568		    pass b: b  742  352  374  973	
    pass b: a  742  433  608  510  387  868  698  442  270  336  827  146  662  670  277  407  260  101  848  123  857   70  520  325  978  234  855  125  386  583  350  238  889  891  143  652  568		    pass b: b  352  374  973	
    pass b: a  352  742  433  608  510  387  868  698  442  270  336  827  146  662  670  277  407  260  101  848  123  857   70  520  325  978  234  855  125  386  583  350  238  889  891  143  652  568		    pass b: b  374  973	
    pass b: a  374  352  742  433  608  510  387  868  698  442  270  336  827  146  662  670  277  407  260  101  848  123  857   70  520  325  978  234  855  125  386  583  350  238  889  891  143  652  568		    pass b: b  973	
    pass b: a  973  374  352  742  433  608  510  387  868  698  442  270  336  827  146  662  670  277  407  260  101  848  123  857   70  520  325  978  234  855  125  386  583  350  238  889  891  143  652  568		    pass b: b	
    pass b: a  260  101  848  123  857   70  520  325  978  234  855  125  386  583  350  238  889  891  143  652  568		    pass b: b  407  277  670  662  146  827  336  270  442  698  868  387  510  608  433  742  352  374  973	
    pass b: a  407  260  101  848  123  857   70  520  325  978  234  855  125  386  583  350  238  889  891  143  652  568		    pass b: b  277  670  662  146  827  336  270  442  698  868  387  510  608  433  742  352  374  973	
    pass b: a  277  407  260  101  848  123  857   70  520  325  978  234  855  125  386  583  350  238  889  891  143  652  568		    pass b: b  670  662  146  827  336  270  442  698  868  387  510  608  433  742  352  374  973	
    pass b: a  670  277  407  260  101  848  123  857   70  520  325  978  234  855  125  386  583  350  238  889  891  143  652  568		    pass b: b  662  146  827  336  270  442  698  868  387  510  608  433  742  352  374  973	
    pass b: a  662  670  277  407  260  101  848  123  857   70  520  325  978  234  855  125  386  583  350  238  889  891  143  652  568		    pass b: b  146  827  336  270  442  698  868  387  510  608  433  742  352  374  973	
    pass b: a  146  662  670  277  407  260  101  848  123  857   70  520  325  978  234  855  125  386  583  350  238  889  891  143  652  568		    pass b: b  827  336  270  442  698  868  387  510  608  433  742  352  374  973	
    pass b: a  827  146  662  670  277  407  260  101  848  123  857   70  520  325  978  234  855  125  386  583  350  238  889  891  143  652  568		    pass b: b  336  270  442  698  868  387  510  608  433  742  352  374  973	
    pass b: a  336  827  146  662  670  277  407  260  101  848  123  857   70  520  325  978  234  855  125  386  583  350  238  889  891  143  652  568		    pass b: b  270  442  698  868  387  510  608  433  742  352  374  973	
    pass b: a  270  336  827  146  662  670  277  407  260  101  848  123  857   70  520  325  978  234  855  125  386  583  350  238  889  891  143  652  568		    pass b: b  442  698  868  387  510  608  433  742  352  374  973	
    pass b: a  442  270  336  827  146  662  670  277  407  260  101  848  123  857   70  520  325  978  234  855  125  386  583  350  238  889  891  143  652  568		    pass b: b  698  868  387  510  608  433  742  352  374  973	
    pass b: a  698  442  270  336  827  146  662  670  277  407  260  101  848  123  857   70  520  325  978  234  855  125  386  583  350  238  889  891  143  652  568		    pass b: b  868  387  510  608  433  742  352  374  973	
    pass b: a  868  698  442  270  336  827  146  662  670  277  407  260  101  848  123  857   70  520  325  978  234  855  125  386  583  350  238  889  891  143  652  568		    pass b: b  387  510  608  433  742  352  374  973	
    pass b: a  387  868  698  442  270  336  827  146  662  670  277  407  260  101  848  123  857   70  520  325  978  234  855  125  386  583  350  238  889  891  143  652  568		    pass b: b  510  608  433  742  352  374  973	
    pass b: a  510  387  868  698  442  270  336  827  146  662  670  277  407  260  101  848  123  857   70  520  325  978  234  855  125  386  583  350  238  889  891  143  652  568		    pass b: b  608  433  742  352  374  973	
    pass b: a  608  510  387  868  698  442  270  336  827  146  662  670  277  407  260  101  848  123  857   70  520  325  978  234  855  125  386  583  350  238  889  891  143  652  568		    pass b: b  433  742  352  374  973	
    pass b: a  433  608  510  387  868  698  442  270  336  827  146  662  670  277  407  260  101  848  123  857   70  520  325  978  234  855  125  386  583  350  238  889  891  143  652  568		    pass b: b  742  352  374  973	
    pass b: a  742  433  608  510  387  868  698  442  270  336  827  146  662  670  277  407  260  101  848  123  857   70  520  325  978  234  855  125  386  583  350  238  889  891  143  652  568		    pass b: b  352  374  973	
    pass b: a  352  742  433  608  510  387  868  698  442  270  336  827  146  662  670  277  407  260  101  848  123  857   70  520  325  978  234  855  125  386  583  350  238  889  891  143  652  568		    pass b: b  374  973	
    pass b: a  374  352  742  433  608  510  387  868  698  442  270  336  827  146  662  670  277  407  260  101  848  123  857   70  520  325  978  234  855  125  386  583  350  238  889  891  143  652  568		    pass b: b  973	
    pass b: a  973  374  352  742  433  608  510  387  868  698  442  270  336  827  146  662  670  277  407  260  101  848  123  857   70  520  325  978  234  855  125  386  583  350  238  889  891  143  652  568		    pass b: b	
