Stack size A: 50
  392  517  557  276  192  210  867  957  403  657  737  764  728  181   23  301   38  503   57  130  199   87   36  568  574  588  377  300  498  887  189  289  496  526  844  114  978  949  308  902  311  109   49   15  197   35  857  788  561  810   15   23   35   36   38   49   57   87  109  114  130  181  189  192  197  199  210  276  289  300  301  308  311  377  392  403  496  498  503  517  526  557  561  568  574  588  657  728  737  764  788  810  844  857  867  887  902  949  957  978
Algorithm 0	Sorting End: -1

Algorithm 1	Sorting End: -1

Algorithm 2	Sorting End: 801

Algorithm 3	Sorting End: 1057

Algorithm 4	Sorting End: 453

Algorithm 5	Radix Sort
     Start: a  392  517  557  276  192  210  867  957  403  657  737  764  728  181   23  301   38  503   57  130  199   87   36  568  574  588  377  300  498  887  189  289  496  526  844  114  978  949  308  902  311  109   49   15  197   35  857  788  561  810	: b
	preLogic lookup: 392 Rank: 24
post logic: a  517  557  276  192  210  867  957  403  657  737  764  728  181   23  301   38  503   57  130  199   87   36  568  574  588  377  300  498  887  189  289  496  526  844  114  978  949  308  902  311  109   49   15  197   35  857  788  561  810	: b  392
	preLogic lookup: 517 Rank: 29
post logic: a  557  276  192  210  867  957  403  657  737  764  728  181   23  301   38  503   57  130  199   87   36  568  574  588  377  300  498  887  189  289  496  526  844  114  978  949  308  902  311  109   49   15  197   35  857  788  561  810  517	: b  392
	preLogic lookup: 557 Rank: 31
post logic: a  276  192  210  867  957  403  657  737  764  728  181   23  301   38  503   57  130  199   87   36  568  574  588  377  300  498  887  189  289  496  526  844  114  978  949  308  902  311  109   49   15  197   35  857  788  561  810  517  557	: b  392
	preLogic lookup: 276 Rank: 17
post logic: a  192  210  867  957  403  657  737  764  728  181   23  301   38  503   57  130  199   87   36  568  574  588  377  300  498  887  189  289  496  526  844  114  978  949  308  902  311  109   49   15  197   35  857  788  561  810  517  557  276	: b  392
	preLogic lookup: 192 Rank: 13
post logic: a  210  867  957  403  657  737  764  728  181   23  301   38  503   57  130  199   87   36  568  574  588  377  300  498  887  189  289  496  526  844  114  978  949  308  902  311  109   49   15  197   35  857  788  561  810  517  557  276  192	: b  392
	preLogic lookup: 210 Rank: 16
post logic: a  867  957  403  657  737  764  728  181   23  301   38  503   57  130  199   87   36  568  574  588  377  300  498  887  189  289  496  526  844  114  978  949  308  902  311  109   49   15  197   35  857  788  561  810  517  557  276  192	: b  210  392
	preLogic lookup: 867 Rank: 44
post logic: a  957  403  657  737  764  728  181   23  301   38  503   57  130  199   87   36  568  574  588  377  300  498  887  189  289  496  526  844  114  978  949  308  902  311  109   49   15  197   35  857  788  561  810  517  557  276  192	: b  867  210  392
	preLogic lookup: 957 Rank: 48
post logic: a  403  657  737  764  728  181   23  301   38  503   57  130  199   87   36  568  574  588  377  300  498  887  189  289  496  526  844  114  978  949  308  902  311  109   49   15  197   35  857  788  561  810  517  557  276  192	: b  957  867  210  392
	preLogic lookup: 403 Rank: 25
post logic: a  657  737  764  728  181   23  301   38  503   57  130  199   87   36  568  574  588  377  300  498  887  189  289  496  526  844  114  978  949  308  902  311  109   49   15  197   35  857  788  561  810  517  557  276  192  403	: b  957  867  210  392
	preLogic lookup: 657 Rank: 36
post logic: a  737  764  728  181   23  301   38  503   57  130  199   87   36  568  574  588  377  300  498  887  189  289  496  526  844  114  978  949  308  902  311  109   49   15  197   35  857  788  561  810  517  557  276  192  403	: b  657  957  867  210  392
	preLogic lookup: 737 Rank: 38
post logic: a  764  728  181   23  301   38  503   57  130  199   87   36  568  574  588  377  300  498  887  189  289  496  526  844  114  978  949  308  902  311  109   49   15  197   35  857  788  561  810  517  557  276  192  403	: b  737  657  957  867  210  392
	preLogic lookup: 764 Rank: 39
post logic: a  728  181   23  301   38  503   57  130  199   87   36  568  574  588  377  300  498  887  189  289  496  526  844  114  978  949  308  902  311  109   49   15  197   35  857  788  561  810  517  557  276  192  403  764	: b  737  657  957  867  210  392
	preLogic lookup: 728 Rank: 37
post logic: a  181   23  301   38  503   57  130  199   87   36  568  574  588  377  300  498  887  189  289  496  526  844  114  978  949  308  902  311  109   49   15  197   35  857  788  561  810  517  557  276  192  403  764  728	: b  737  657  957  867  210  392
	preLogic lookup: 181 Rank: 11
post logic: a   23  301   38  503   57  130  199   87   36  568  574  588  377  300  498  887  189  289  496  526  844  114  978  949  308  902  311  109   49   15  197   35  857  788  561  810  517  557  276  192  403  764  728  181	: b  737  657  957  867  210  392
	preLogic lookup: 23 Rank: 1
post logic: a  301   38  503   57  130  199   87   36  568  574  588  377  300  498  887  189  289  496  526  844  114  978  949  308  902  311  109   49   15  197   35  857  788  561  810  517  557  276  192  403  764  728  181   23	: b  737  657  957  867  210  392
	preLogic lookup: 301 Rank: 20
post logic: a   38  503   57  130  199   87   36  568  574  588  377  300  498  887  189  289  496  526  844  114  978  949  308  902  311  109   49   15  197   35  857  788  561  810  517  557  276  192  403  764  728  181   23	: b  301  737  657  957  867  210  392
	preLogic lookup: 38 Rank: 4
post logic: a  503   57  130  199   87   36  568  574  588  377  300  498  887  189  289  496  526  844  114  978  949  308  902  311  109   49   15  197   35  857  788  561  810  517  557  276  192  403  764  728  181   23	: b   38  301  737  657  957  867  210  392
	preLogic lookup: 503 Rank: 28
post logic: a   57  130  199   87   36  568  574  588  377  300  498  887  189  289  496  526  844  114  978  949  308  902  311  109   49   15  197   35  857  788  561  810  517  557  276  192  403  764  728  181   23	: b  503   38  301  737  657  957  867  210  392
	preLogic lookup: 57 Rank: 6
post logic: a  130  199   87   36  568  574  588  377  300  498  887  189  289  496  526  844  114  978  949  308  902  311  109   49   15  197   35  857  788  561  810  517  557  276  192  403  764  728  181   23	: b   57  503   38  301  737  657  957  867  210  392
	preLogic lookup: 130 Rank: 10
post logic: a  199   87   36  568  574  588  377  300  498  887  189  289  496  526  844  114  978  949  308  902  311  109   49   15  197   35  857  788  561  810  517  557  276  192  403  764  728  181   23	: b  130   57  503   38  301  737  657  957  867  210  392
	preLogic lookup: 199 Rank: 15
post logic: a   87   36  568  574  588  377  300  498  887  189  289  496  526  844  114  978  949  308  902  311  109   49   15  197   35  857  788  561  810  517  557  276  192  403  764  728  181   23  199	: b  130   57  503   38  301  737  657  957  867  210  392
	preLogic lookup: 87 Rank: 7
post logic: a   36  568  574  588  377  300  498  887  189  289  496  526  844  114  978  949  308  902  311  109   49   15  197   35  857  788  561  810  517  557  276  192  403  764  728  181   23  199   87	: b  130   57  503   38  301  737  657  957  867  210  392
	preLogic lookup: 36 Rank: 3
post logic: a  568  574  588  377  300  498  887  189  289  496  526  844  114  978  949  308  902  311  109   49   15  197   35  857  788  561  810  517  557  276  192  403  764  728  181   23  199   87   36	: b  130   57  503   38  301  737  657  957  867  210  392
	preLogic lookup: 568 Rank: 33
post logic: a  574  588  377  300  498  887  189  289  496  526  844  114  978  949  308  902  311  109   49   15  197   35  857  788  561  810  517  557  276  192  403  764  728  181   23  199   87   36  568	: b  130   57  503   38  301  737  657  957  867  210  392
	preLogic lookup: 574 Rank: 34
post logic: a  588  377  300  498  887  189  289  496  526  844  114  978  949  308  902  311  109   49   15  197   35  857  788  561  810  517  557  276  192  403  764  728  181   23  199   87   36  568	: b  574  130   57  503   38  301  737  657  957  867  210  392
	preLogic lookup: 588 Rank: 35
post logic: a  377  300  498  887  189  289  496  526  844  114  978  949  308  902  311  109   49   15  197   35  857  788  561  810  517  557  276  192  403  764  728  181   23  199   87   36  568  588	: b  574  130   57  503   38  301  737  657  957  867  210  392
	preLogic lookup: 377 Rank: 23
post logic: a  300  498  887  189  289  496  526  844  114  978  949  308  902  311  109   49   15  197   35  857  788  561  810  517  557  276  192  403  764  728  181   23  199   87   36  568  588  377	: b  574  130   57  503   38  301  737  657  957  867  210  392
	preLogic lookup: 300 Rank: 19
post logic: a  498  887  189  289  496  526  844  114  978  949  308  902  311  109   49   15  197   35  857  788  561  810  517  557  276  192  403  764  728  181   23  199   87   36  568  588  377  300	: b  574  130   57  503   38  301  737  657  957  867  210  392
	preLogic lookup: 498 Rank: 27
post logic: a  887  189  289  496  526  844  114  978  949  308  902  311  109   49   15  197   35  857  788  561  810  517  557  276  192  403  764  728  181   23  199   87   36  568  588  377  300  498	: b  574  130   57  503   38  301  737  657  957  867  210  392
	preLogic lookup: 887 Rank: 45
post logic: a  189  289  496  526  844  114  978  949  308  902  311  109   49   15  197   35  857  788  561  810  517  557  276  192  403  764  728  181   23  199   87   36  568  588  377  300  498  887	: b  574  130   57  503   38  301  737  657  957  867  210  392
	preLogic lookup: 189 Rank: 12
post logic: a  289  496  526  844  114  978  949  308  902  311  109   49   15  197   35  857  788  561  810  517  557  276  192  403  764  728  181   23  199   87   36  568  588  377  300  498  887	: b  189  574  130   57  503   38  301  737  657  957  867  210  392
	preLogic lookup: 289 Rank: 18
post logic: a  496  526  844  114  978  949  308  902  311  109   49   15  197   35  857  788  561  810  517  557  276  192  403  764  728  181   23  199   87   36  568  588  377  300  498  887	: b  289  189  574  130   57  503   38  301  737  657  957  867  210  392
	preLogic lookup: 496 Rank: 26
post logic: a  526  844  114  978  949  308  902  311  109   49   15  197   35  857  788  561  810  517  557  276  192  403  764  728  181   23  199   87   36  568  588  377  300  498  887	: b  496  289  189  574  130   57  503   38  301  737  657  957  867  210  392
	preLogic lookup: 526 Rank: 30
post logic: a  844  114  978  949  308  902  311  109   49   15  197   35  857  788  561  810  517  557  276  192  403  764  728  181   23  199   87   36  568  588  377  300  498  887	: b  526  496  289  189  574  130   57  503   38  301  737  657  957  867  210  392
	preLogic lookup: 844 Rank: 42
post logic: a  114  978  949  308  902  311  109   49   15  197   35  857  788  561  810  517  557  276  192  403  764  728  181   23  199   87   36  568  588  377  300  498  887	: b  844  526  496  289  189  574  130   57  503   38  301  737  657  957  867  210  392
	preLogic lookup: 114 Rank: 9
post logic: a  978  949  308  902  311  109   49   15  197   35  857  788  561  810  517  557  276  192  403  764  728  181   23  199   87   36  568  588  377  300  498  887  114	: b  844  526  496  289  189  574  130   57  503   38  301  737  657  957  867  210  392
	preLogic lookup: 978 Rank: 49
post logic: a  949  308  902  311  109   49   15  197   35  857  788  561  810  517  557  276  192  403  764  728  181   23  199   87   36  568  588  377  300  498  887  114  978	: b  844  526  496  289  189  574  130   57  503   38  301  737  657  957  867  210  392
	preLogic lookup: 949 Rank: 47
post logic: a  308  902  311  109   49   15  197   35  857  788  561  810  517  557  276  192  403  764  728  181   23  199   87   36  568  588  377  300  498  887  114  978  949	: b  844  526  496  289  189  574  130   57  503   38  301  737  657  957  867  210  392
	preLogic lookup: 308 Rank: 21
post logic: a  902  311  109   49   15  197   35  857  788  561  810  517  557  276  192  403  764  728  181   23  199   87   36  568  588  377  300  498  887  114  978  949  308	: b  844  526  496  289  189  574  130   57  503   38  301  737  657  957  867  210  392
	preLogic lookup: 902 Rank: 46
post logic: a  311  109   49   15  197   35  857  788  561  810  517  557  276  192  403  764  728  181   23  199   87   36  568  588  377  300  498  887  114  978  949  308	: b  902  844  526  496  289  189  574  130   57  503   38  301  737  657  957  867  210  392
	preLogic lookup: 311 Rank: 22
post logic: a  109   49   15  197   35  857  788  561  810  517  557  276  192  403  764  728  181   23  199   87   36  568  588  377  300  498  887  114  978  949  308	: b  311  902  844  526  496  289  189  574  130   57  503   38  301  737  657  957  867  210  392
	preLogic lookup: 109 Rank: 8
post logic: a   49   15  197   35  857  788  561  810  517  557  276  192  403  764  728  181   23  199   87   36  568  588  377  300  498  887  114  978  949  308	: b  109  311  902  844  526  496  289  189  574  130   57  503   38  301  737  657  957  867  210  392
	preLogic lookup: 49 Rank: 5
post logic: a   15  197   35  857  788  561  810  517  557  276  192  403  764  728  181   23  199   87   36  568  588  377  300  498  887  114  978  949  308   49	: b  109  311  902  844  526  496  289  189  574  130   57  503   38  301  737  657  957  867  210  392
	preLogic lookup: 15 Rank: 0
post logic: a  197   35  857  788  561  810  517  557  276  192  403  764  728  181   23  199   87   36  568  588  377  300  498  887  114  978  949  308   49	: b   15  109  311  902  844  526  496  289  189  574  130   57  503   38  301  737  657  957  867  210  392
	preLogic lookup: 197 Rank: 14
post logic: a   35  857  788  561  810  517  557  276  192  403  764  728  181   23  199   87   36  568  588  377  300  498  887  114  978  949  308   49	: b  197   15  109  311  902  844  526  496  289  189  574  130   57  503   38  301  737  657  957  867  210  392
	preLogic lookup: 35 Rank: 2
post logic: a  857  788  561  810  517  557  276  192  403  764  728  181   23  199   87   36  568  588  377  300  498  887  114  978  949  308   49	: b   35  197   15  109  311  902  844  526  496  289  189  574  130   57  503   38  301  737  657  957  867  210  392
	preLogic lookup: 857 Rank: 43
post logic: a  788  561  810  517  557  276  192  403  764  728  181   23  199   87   36  568  588  377  300  498  887  114  978  949  308   49  857	: b   35  197   15  109  311  902  844  526  496  289  189  574  130   57  503   38  301  737  657  957  867  210  392
	preLogic lookup: 788 Rank: 40
post logic: a  561  810  517  557  276  192  403  764  728  181   23  199   87   36  568  588  377  300  498  887  114  978  949  308   49  857	: b  788   35  197   15  109  311  902  844  526  496  289  189  574  130   57  503   38  301  737  657  957  867  210  392
	preLogic lookup: 561 Rank: 32
post logic: a  810  517  557  276  192  403  764  728  181   23  199   87   36  568  588  377  300  498  887  114  978  949  308   49  857	: b  561  788   35  197   15  109  311  902  844  526  496  289  189  574  130   57  503   38  301  737  657  957  867  210  392
	preLogic lookup: 810 Rank: 41
post logic: a  517  557  276  192  403  764  728  181   23  199   87   36  568  588  377  300  498  887  114  978  949  308   49  857  810	: b  561  788   35  197   15  109  311  902  844  526  496  289  189  574  130   57  503   38  301  737  657  957  867  210  392
  preEmpty: a  517  557  276  192  403  764  728  181   23  199   87   36  568  588  377  300  498  887  114  978  949  308   49  857  810	: b  561  788   35  197   15  109  311  902  844  526  496  289  189  574  130   57  503   38  301  737  657  957  867  210  392
	preLogic lookup: 392 Rank: 24
post logic: a  210  867  957  657  737  301   38  503   57  130  574  189  289  496  526  844  902  311  109   15  197   35  788  561  517  557  276  192  403  764  728  181   23  199   87   36  568  588  377  300  498  887  114  978  949  308   49  857  810	: b  392
	preLogic lookup: 210 Rank: 16
post logic: a  867  957  657  737  301   38  503   57  130  574  189  289  496  526  844  902  311  109   15  197   35  788  561  517  557  276  192  403  764  728  181   23  199   87   36  568  588  377  300  498  887  114  978  949  308   49  857  810	: b  210  392
	preLogic lookup: 867 Rank: 44
post logic: a  957  657  737  301   38  503   57  130  574  189  289  496  526  844  902  311  109   15  197   35  788  561  517  557  276  192  403  764  728  181   23  199   87   36  568  588  377  300  498  887  114  978  949  308   49  857  810	: b  867  210  392
	preLogic lookup: 957 Rank: 48
post logic: a  657  737  301   38  503   57  130  574  189  289  496  526  844  902  311  109   15  197   35  788  561  517  557  276  192  403  764  728  181   23  199   87   36  568  588  377  300  498  887  114  978  949  308   49  857  810	: b  957  867  210  392
	preLogic lookup: 657 Rank: 36
post logic: a  737  301   38  503   57  130  574  189  289  496  526  844  902  311  109   15  197   35  788  561  517  557  276  192  403  764  728  181   23  199   87   36  568  588  377  300  498  887  114  978  949  308   49  857  810	: b  657  957  867  210  392
	preLogic lookup: 737 Rank: 38
post logic: a  301   38  503   57  130  574  189  289  496  526  844  902  311  109   15  197   35  788  561  517  557  276  192  403  764  728  181   23  199   87   36  568  588  377  300  498  887  114  978  949  308   49  857  810  737	: b  657  957  867  210  392
	preLogic lookup: 301 Rank: 20
post logic: a   38  503   57  130  574  189  289  496  526  844  902  311  109   15  197   35  788  561  517  557  276  192  403  764  728  181   23  199   87   36  568  588  377  300  498  887  114  978  949  308   49  857  810  737	: b  301  657  957  867  210  392
	preLogic lookup: 38 Rank: 4
post logic: a  503   57  130  574  189  289  496  526  844  902  311  109   15  197   35  788  561  517  557  276  192  403  764  728  181   23  199   87   36  568  588  377  300  498  887  114  978  949  308   49  857  810  737	: b   38  301  657  957  867  210  392
	preLogic lookup: 503 Rank: 28
post logic: a   57  130  574  189  289  496  526  844  902  311  109   15  197   35  788  561  517  557  276  192  403  764  728  181   23  199   87   36  568  588  377  300  498  887  114  978  949  308   49  857  810  737	: b  503   38  301  657  957  867  210  392
	preLogic lookup: 57 Rank: 6
post logic: a  130  574  189  289  496  526  844  902  311  109   15  197   35  788  561  517  557  276  192  403  764  728  181   23  199   87   36  568  588  377  300  498  887  114  978  949  308   49  857  810  737   57	: b  503   38  301  657  957  867  210  392
	preLogic lookup: 130 Rank: 10
post logic: a  574  189  289  496  526  844  902  311  109   15  197   35  788  561  517  557  276  192  403  764  728  181   23  199   87   36  568  588  377  300  498  887  114  978  949  308   49  857  810  737   57  130	: b  503   38  301  657  957  867  210  392
	preLogic lookup: 574 Rank: 34
post logic: a  189  289  496  526  844  902  311  109   15  197   35  788  561  517  557  276  192  403  764  728  181   23  199   87   36  568  588  377  300  498  887  114  978  949  308   49  857  810  737   57  130  574	: b  503   38  301  657  957  867  210  392
	preLogic lookup: 189 Rank: 12
post logic: a  289  496  526  844  902  311  109   15  197   35  788  561  517  557  276  192  403  764  728  181   23  199   87   36  568  588  377  300  498  887  114  978  949  308   49  857  810  737   57  130  574	: b  189  503   38  301  657  957  867  210  392
	preLogic lookup: 289 Rank: 18
post logic: a  496  526  844  902  311  109   15  197   35  788  561  517  557  276  192  403  764  728  181   23  199   87   36  568  588  377  300  498  887  114  978  949  308   49  857  810  737   57  130  574  289	: b  189  503   38  301  657  957  867  210  392
	preLogic lookup: 496 Rank: 26
post logic: a  526  844  902  311  109   15  197   35  788  561  517  557  276  192  403  764  728  181   23  199   87   36  568  588  377  300  498  887  114  978  949  308   49  857  810  737   57  130  574  289  496	: b  189  503   38  301  657  957  867  210  392
	preLogic lookup: 526 Rank: 30
post logic: a  844  902  311  109   15  197   35  788  561  517  557  276  192  403  764  728  181   23  199   87   36  568  588  377  300  498  887  114  978  949  308   49  857  810  737   57  130  574  289  496  526	: b  189  503   38  301  657  957  867  210  392
	preLogic lookup: 844 Rank: 42
post logic: a  902  311  109   15  197   35  788  561  517  557  276  192  403  764  728  181   23  199   87   36  568  588  377  300  498  887  114  978  949  308   49  857  810  737   57  130  574  289  496  526  844	: b  189  503   38  301  657  957  867  210  392
	preLogic lookup: 902 Rank: 46
post logic: a  311  109   15  197   35  788  561  517  557  276  192  403  764  728  181   23  199   87   36  568  588  377  300  498  887  114  978  949  308   49  857  810  737   57  130  574  289  496  526  844  902	: b  189  503   38  301  657  957  867  210  392
	preLogic lookup: 311 Rank: 22
post logic: a  109   15  197   35  788  561  517  557  276  192  403  764  728  181   23  199   87   36  568  588  377  300  498  887  114  978  949  308   49  857  810  737   57  130  574  289  496  526  844  902  311	: b  189  503   38  301  657  957  867  210  392
	preLogic lookup: 109 Rank: 8
post logic: a   15  197   35  788  561  517  557  276  192  403  764  728  181   23  199   87   36  568  588  377  300  498  887  114  978  949  308   49  857  810  737   57  130  574  289  496  526  844  902  311	: b  109  189  503   38  301  657  957  867  210  392
	preLogic lookup: 15 Rank: 0
post logic: a  197   35  788  561  517  557  276  192  403  764  728  181   23  199   87   36  568  588  377  300  498  887  114  978  949  308   49  857  810  737   57  130  574  289  496  526  844  902  311	: b   15  109  189  503   38  301  657  957  867  210  392
	preLogic lookup: 197 Rank: 14
post logic: a   35  788  561  517  557  276  192  403  764  728  181   23  199   87   36  568  588  377  300  498  887  114  978  949  308   49  857  810  737   57  130  574  289  496  526  844  902  311  197	: b   15  109  189  503   38  301  657  957  867  210  392
	preLogic lookup: 35 Rank: 2
post logic: a  788  561  517  557  276  192  403  764  728  181   23  199   87   36  568  588  377  300  498  887  114  978  949  308   49  857  810  737   57  130  574  289  496  526  844  902  311  197   35	: b   15  109  189  503   38  301  657  957  867  210  392
	preLogic lookup: 788 Rank: 40
post logic: a  561  517  557  276  192  403  764  728  181   23  199   87   36  568  588  377  300  498  887  114  978  949  308   49  857  810  737   57  130  574  289  496  526  844  902  311  197   35	: b  788   15  109  189  503   38  301  657  957  867  210  392
	preLogic lookup: 561 Rank: 32
post logic: a  517  557  276  192  403  764  728  181   23  199   87   36  568  588  377  300  498  887  114  978  949  308   49  857  810  737   57  130  574  289  496  526  844  902  311  197   35	: b  561  788   15  109  189  503   38  301  657  957  867  210  392
	preLogic lookup: 517 Rank: 29
post logic: a  557  276  192  403  764  728  181   23  199   87   36  568  588  377  300  498  887  114  978  949  308   49  857  810  737   57  130  574  289  496  526  844  902  311  197   35	: b  517  561  788   15  109  189  503   38  301  657  957  867  210  392
	preLogic lookup: 557 Rank: 31
post logic: a  276  192  403  764  728  181   23  199   87   36  568  588  377  300  498  887  114  978  949  308   49  857  810  737   57  130  574  289  496  526  844  902  311  197   35  557	: b  517  561  788   15  109  189  503   38  301  657  957  867  210  392
	preLogic lookup: 276 Rank: 17
post logic: a  192  403  764  728  181   23  199   87   36  568  588  377  300  498  887  114  978  949  308   49  857  810  737   57  130  574  289  496  526  844  902  311  197   35  557	: b  276  517  561  788   15  109  189  503   38  301  657  957  867  210  392
	preLogic lookup: 192 Rank: 13
post logic: a  403  764  728  181   23  199   87   36  568  588  377  300  498  887  114  978  949  308   49  857  810  737   57  130  574  289  496  526  844  902  311  197   35  557	: b  192  276  517  561  788   15  109  189  503   38  301  657  957  867  210  392
	preLogic lookup: 403 Rank: 25
post logic: a  764  728  181   23  199   87   36  568  588  377  300  498  887  114  978  949  308   49  857  810  737   57  130  574  289  496  526  844  902  311  197   35  557	: b  403  192  276  517  561  788   15  109  189  503   38  301  657  957  867  210  392
	preLogic lookup: 764 Rank: 39
post logic: a  728  181   23  199   87   36  568  588  377  300  498  887  114  978  949  308   49  857  810  737   57  130  574  289  496  526  844  902  311  197   35  557  764	: b  403  192  276  517  561  788   15  109  189  503   38  301  657  957  867  210  392
	preLogic lookup: 728 Rank: 37
post logic: a  181   23  199   87   36  568  588  377  300  498  887  114  978  949  308   49  857  810  737   57  130  574  289  496  526  844  902  311  197   35  557  764	: b  728  403  192  276  517  561  788   15  109  189  503   38  301  657  957  867  210  392
	preLogic lookup: 181 Rank: 11
post logic: a   23  199   87   36  568  588  377  300  498  887  114  978  949  308   49  857  810  737   57  130  574  289  496  526  844  902  311  197   35  557  764  181	: b  728  403  192  276  517  561  788   15  109  189  503   38  301  657  957  867  210  392
	preLogic lookup: 23 Rank: 1
post logic: a  199   87   36  568  588  377  300  498  887  114  978  949  308   49  857  810  737   57  130  574  289  496  526  844  902  311  197   35  557  764  181	: b   23  728  403  192  276  517  561  788   15  109  189  503   38  301  657  957  867  210  392
	preLogic lookup: 199 Rank: 15
post logic: a   87   36  568  588  377  300  498  887  114  978  949  308   49  857  810  737   57  130  574  289  496  526  844  902  311  197   35  557  764  181  199	: b   23  728  403  192  276  517  561  788   15  109  189  503   38  301  657  957  867  210  392
	preLogic lookup: 87 Rank: 7
post logic: a   36  568  588  377  300  498  887  114  978  949  308   49  857  810  737   57  130  574  289  496  526  844  902  311  197   35  557  764  181  199   87	: b   23  728  403  192  276  517  561  788   15  109  189  503   38  301  657  957  867  210  392
	preLogic lookup: 36 Rank: 3
post logic: a  568  588  377  300  498  887  114  978  949  308   49  857  810  737   57  130  574  289  496  526  844  902  311  197   35  557  764  181  199   87   36	: b   23  728  403  192  276  517  561  788   15  109  189  503   38  301  657  957  867  210  392
	preLogic lookup: 568 Rank: 33
post logic: a  588  377  300  498  887  114  978  949  308   49  857  810  737   57  130  574  289  496  526  844  902  311  197   35  557  764  181  199   87   36	: b  568   23  728  403  192  276  517  561  788   15  109  189  503   38  301  657  957  867  210  392
	preLogic lookup: 588 Rank: 35
post logic: a  377  300  498  887  114  978  949  308   49  857  810  737   57  130  574  289  496  526  844  902  311  197   35  557  764  181  199   87   36  588	: b  568   23  728  403  192  276  517  561  788   15  109  189  503   38  301  657  957  867  210  392
	preLogic lookup: 377 Rank: 23
post logic: a  300  498  887  114  978  949  308   49  857  810  737   57  130  574  289  496  526  844  902  311  197   35  557  764  181  199   87   36  588  377	: b  568   23  728  403  192  276  517  561  788   15  109  189  503   38  301  657  957  867  210  392
	preLogic lookup: 300 Rank: 19
post logic: a  498  887  114  978  949  308   49  857  810  737   57  130  574  289  496  526  844  902  311  197   35  557  764  181  199   87   36  588  377  300	: b  568   23  728  403  192  276  517  561  788   15  109  189  503   38  301  657  957  867  210  392
	preLogic lookup: 498 Rank: 27
post logic: a  887  114  978  949  308   49  857  810  737   57  130  574  289  496  526  844  902  311  197   35  557  764  181  199   87   36  588  377  300  498	: b  568   23  728  403  192  276  517  561  788   15  109  189  503   38  301  657  957  867  210  392
	preLogic lookup: 887 Rank: 45
post logic: a  114  978  949  308   49  857  810  737   57  130  574  289  496  526  844  902  311  197   35  557  764  181  199   87   36  588  377  300  498	: b  887  568   23  728  403  192  276  517  561  788   15  109  189  503   38  301  657  957  867  210  392
	preLogic lookup: 114 Rank: 9
post logic: a  978  949  308   49  857  810  737   57  130  574  289  496  526  844  902  311  197   35  557  764  181  199   87   36  588  377  300  498	: b  114  887  568   23  728  403  192  276  517  561  788   15  109  189  503   38  301  657  957  867  210  392
	preLogic lookup: 978 Rank: 49
post logic: a  949  308   49  857  810  737   57  130  574  289  496  526  844  902  311  197   35  557  764  181  199   87   36  588  377  300  498	: b  978  114  887  568   23  728  403  192  276  517  561  788   15  109  189  503   38  301  657  957  867  210  392
	preLogic lookup: 949 Rank: 47
post logic: a  308   49  857  810  737   57  130  574  289  496  526  844  902  311  197   35  557  764  181  199   87   36  588  377  300  498  949	: b  978  114  887  568   23  728  403  192  276  517  561  788   15  109  189  503   38  301  657  957  867  210  392
	preLogic lookup: 308 Rank: 21
post logic: a   49  857  810  737   57  130  574  289  496  526  844  902  311  197   35  557  764  181  199   87   36  588  377  300  498  949	: b  308  978  114  887  568   23  728  403  192  276  517  561  788   15  109  189  503   38  301  657  957  867  210  392
	preLogic lookup: 49 Rank: 5
post logic: a  857  810  737   57  130  574  289  496  526  844  902  311  197   35  557  764  181  199   87   36  588  377  300  498  949	: b   49  308  978  114  887  568   23  728  403  192  276  517  561  788   15  109  189  503   38  301  657  957  867  210  392
	preLogic lookup: 857 Rank: 43
post logic: a  810  737   57  130  574  289  496  526  844  902  311  197   35  557  764  181  199   87   36  588  377  300  498  949  857	: b   49  308  978  114  887  568   23  728  403  192  276  517  561  788   15  109  189  503   38  301  657  957  867  210  392
	preLogic lookup: 810 Rank: 41
post logic: a  737   57  130  574  289  496  526  844  902  311  197   35  557  764  181  199   87   36  588  377  300  498  949  857	: b  810   49  308  978  114  887  568   23  728  403  192  276  517  561  788   15  109  189  503   38  301  657  957  867  210  392
  preEmpty: a  737   57  130  574  289  496  526  844  902  311  197   35  557  764  181  199   87   36  588  377  300  498  949  857	: b  810   49  308  978  114  887  568   23  728  403  192  276  517  561  788   15  109  189  503   38  301  657  957  867  210  392
	preLogic lookup: 392 Rank: 24
post logic: a  210  867  957  657  301   38  503  189  109   15  788  561  517  276  192  403  728   23  568  887  114  978  308   49  810  737   57  130  574  289  496  526  844  902  311  197   35  557  764  181  199   87   36  588  377  300  498  949  857	: b  392
	preLogic lookup: 210 Rank: 16
post logic: a  867  957  657  301   38  503  189  109   15  788  561  517  276  192  403  728   23  568  887  114  978  308   49  810  737   57  130  574  289  496  526  844  902  311  197   35  557  764  181  199   87   36  588  377  300  498  949  857	: b  210  392
	preLogic lookup: 867 Rank: 44
post logic: a  957  657  301   38  503  189  109   15  788  561  517  276  192  403  728   23  568  887  114  978  308   49  810  737   57  130  574  289  496  526  844  902  311  197   35  557  764  181  199   87   36  588  377  300  498  949  857  867	: b  210  392
	preLogic lookup: 957 Rank: 48
post logic: a  657  301   38  503  189  109   15  788  561  517  276  192  403  728   23  568  887  114  978  308   49  810  737   57  130  574  289  496  526  844  902  311  197   35  557  764  181  199   87   36  588  377  300  498  949  857  867	: b  957  210  392
	preLogic lookup: 657 Rank: 36
post logic: a  301   38  503  189  109   15  788  561  517  276  192  403  728   23  568  887  114  978  308   49  810  737   57  130  574  289  496  526  844  902  311  197   35  557  764  181  199   87   36  588  377  300  498  949  857  867  657	: b  957  210  392
	preLogic lookup: 301 Rank: 20
post logic: a   38  503  189  109   15  788  561  517  276  192  403  728   23  568  887  114  978  308   49  810  737   57  130  574  289  496  526  844  902  311  197   35  557  764  181  199   87   36  588  377  300  498  949  857  867  657  301	: b  957  210  392
	preLogic lookup: 38 Rank: 4
post logic: a  503  189  109   15  788  561  517  276  192  403  728   23  568  887  114  978  308   49  810  737   57  130  574  289  496  526  844  902  311  197   35  557  764  181  199   87   36  588  377  300  498  949  857  867  657  301   38	: b  957  210  392
	preLogic lookup: 503 Rank: 28
post logic: a  189  109   15  788  561  517  276  192  403  728   23  568  887  114  978  308   49  810  737   57  130  574  289  496  526  844  902  311  197   35  557  764  181  199   87   36  588  377  300  498  949  857  867  657  301   38  503	: b  957  210  392
	preLogic lookup: 189 Rank: 12
post logic: a  109   15  788  561  517  276  192  403  728   23  568  887  114  978  308   49  810  737   57  130  574  289  496  526  844  902  311  197   35  557  764  181  199   87   36  588  377  300  498  949  857  867  657  301   38  503  189	: b  957  210  392
	preLogic lookup: 109 Rank: 8
post logic: a   15  788  561  517  276  192  403  728   23  568  887  114  978  308   49  810  737   57  130  574  289  496  526  844  902  311  197   35  557  764  181  199   87   36  588  377  300  498  949  857  867  657  301   38  503  189	: b  109  957  210  392
	preLogic lookup: 15 Rank: 0
post logic: a  788  561  517  276  192  403  728   23  568  887  114  978  308   49  810  737   57  130  574  289  496  526  844  902  311  197   35  557  764  181  199   87   36  588  377  300  498  949  857  867  657  301   38  503  189	: b   15  109  957  210  392
	preLogic lookup: 788 Rank: 40
post logic: a  561  517  276  192  403  728   23  568  887  114  978  308   49  810  737   57  130  574  289  496  526  844  902  311  197   35  557  764  181  199   87   36  588  377  300  498  949  857  867  657  301   38  503  189	: b  788   15  109  957  210  392
	preLogic lookup: 561 Rank: 32
post logic: a  517  276  192  403  728   23  568  887  114  978  308   49  810  737   57  130  574  289  496  526  844  902  311  197   35  557  764  181  199   87   36  588  377  300  498  949  857  867  657  301   38  503  189	: b  561  788   15  109  957  210  392
	preLogic lookup: 517 Rank: 29
post logic: a  276  192  403  728   23  568  887  114  978  308   49  810  737   57  130  574  289  496  526  844  902  311  197   35  557  764  181  199   87   36  588  377  300  498  949  857  867  657  301   38  503  189  517	: b  561  788   15  109  957  210  392
	preLogic lookup: 276 Rank: 17
post logic: a  192  403  728   23  568  887  114  978  308   49  810  737   57  130  574  289  496  526  844  902  311  197   35  557  764  181  199   87   36  588  377  300  498  949  857  867  657  301   38  503  189  517	: b  276  561  788   15  109  957  210  392
	preLogic lookup: 192 Rank: 13
post logic: a  403  728   23  568  887  114  978  308   49  810  737   57  130  574  289  496  526  844  902  311  197   35  557  764  181  199   87   36  588  377  300  498  949  857  867  657  301   38  503  189  517  192	: b  276  561  788   15  109  957  210  392
	preLogic lookup: 403 Rank: 25
post logic: a  728   23  568  887  114  978  308   49  810  737   57  130  574  289  496  526  844  902  311  197   35  557  764  181  199   87   36  588  377  300  498  949  857  867  657  301   38  503  189  517  192	: b  403  276  561  788   15  109  957  210  392
	preLogic lookup: 728 Rank: 37
post logic: a   23  568  887  114  978  308   49  810  737   57  130  574  289  496  526  844  902  311  197   35  557  764  181  199   87   36  588  377  300  498  949  857  867  657  301   38  503  189  517  192  728	: b  403  276  561  788   15  109  957  210  392
	preLogic lookup: 23 Rank: 1
post logic: a  568  887  114  978  308   49  810  737   57  130  574  289  496  526  844  902  311  197   35  557  764  181  199   87   36  588  377  300  498  949  857  867  657  301   38  503  189  517  192  728	: b   23  403  276  561  788   15  109  957  210  392
	preLogic lookup: 568 Rank: 33
post logic: a  887  114  978  308   49  810  737   57  130  574  289  496  526  844  902  311  197   35  557  764  181  199   87   36  588  377  300  498  949  857  867  657  301   38  503  189  517  192  728	: b  568   23  403  276  561  788   15  109  957  210  392
	preLogic lookup: 887 Rank: 45
post logic: a  114  978  308   49  810  737   57  130  574  289  496  526  844  902  311  197   35  557  764  181  199   87   36  588  377  300  498  949  857  867  657  301   38  503  189  517  192  728  887	: b  568   23  403  276  561  788   15  109  957  210  392
	preLogic lookup: 114 Rank: 9
post logic: a  978  308   49  810  737   57  130  574  289  496  526  844  902  311  197   35  557  764  181  199   87   36  588  377  300  498  949  857  867  657  301   38  503  189  517  192  728  887	: b  114  568   23  403  276  561  788   15  109  957  210  392
	preLogic lookup: 978 Rank: 49
post logic: a  308   49  810  737   57  130  574  289  496  526  844  902  311  197   35  557  764  181  199   87   36  588  377  300  498  949  857  867  657  301   38  503  189  517  192  728  887	: b  978  114  568   23  403  276  561  788   15  109  957  210  392
	preLogic lookup: 308 Rank: 21
post logic: a   49  810  737   57  130  574  289  496  526  844  902  311  197   35  557  764  181  199   87   36  588  377  300  498  949  857  867  657  301   38  503  189  517  192  728  887  308	: b  978  114  568   23  403  276  561  788   15  109  957  210  392
	preLogic lookup: 49 Rank: 5
post logic: a  810  737   57  130  574  289  496  526  844  902  311  197   35  557  764  181  199   87   36  588  377  300  498  949  857  867  657  301   38  503  189  517  192  728  887  308   49	: b  978  114  568   23  403  276  561  788   15  109  957  210  392
	preLogic lookup: 810 Rank: 41
post logic: a  737   57  130  574  289  496  526  844  902  311  197   35  557  764  181  199   87   36  588  377  300  498  949  857  867  657  301   38  503  189  517  192  728  887  308   49	: b  810  978  114  568   23  403  276  561  788   15  109  957  210  392
	preLogic lookup: 737 Rank: 38
post logic: a   57  130  574  289  496  526  844  902  311  197   35  557  764  181  199   87   36  588  377  300  498  949  857  867  657  301   38  503  189  517  192  728  887  308   49  737	: b  810  978  114  568   23  403  276  561  788   15  109  957  210  392
	preLogic lookup: 57 Rank: 6
post logic: a  130  574  289  496  526  844  902  311  197   35  557  764  181  199   87   36  588  377  300  498  949  857  867  657  301   38  503  189  517  192  728  887  308   49  737   57	: b  810  978  114  568   23  403  276  561  788   15  109  957  210  392
	preLogic lookup: 130 Rank: 10
post logic: a  574  289  496  526  844  902  311  197   35  557  764  181  199   87   36  588  377  300  498  949  857  867  657  301   38  503  189  517  192  728  887  308   49  737   57	: b  130  810  978  114  568   23  403  276  561  788   15  109  957  210  392
	preLogic lookup: 574 Rank: 34
post logic: a  289  496  526  844  902  311  197   35  557  764  181  199   87   36  588  377  300  498  949  857  867  657  301   38  503  189  517  192  728  887  308   49  737   57	: b  574  130  810  978  114  568   23  403  276  561  788   15  109  957  210  392
	preLogic lookup: 289 Rank: 18
post logic: a  496  526  844  902  311  197   35  557  764  181  199   87   36  588  377  300  498  949  857  867  657  301   38  503  189  517  192  728  887  308   49  737   57	: b  289  574  130  810  978  114  568   23  403  276  561  788   15  109  957  210  392
	preLogic lookup: 496 Rank: 26
post logic: a  526  844  902  311  197   35  557  764  181  199   87   36  588  377  300  498  949  857  867  657  301   38  503  189  517  192  728  887  308   49  737   57	: b  496  289  574  130  810  978  114  568   23  403  276  561  788   15  109  957  210  392
	preLogic lookup: 526 Rank: 30
post logic: a  844  902  311  197   35  557  764  181  199   87   36  588  377  300  498  949  857  867  657  301   38  503  189  517  192  728  887  308   49  737   57  526	: b  496  289  574  130  810  978  114  568   23  403  276  561  788   15  109  957  210  392
	preLogic lookup: 844 Rank: 42
post logic: a  902  311  197   35  557  764  181  199   87   36  588  377  300  498  949  857  867  657  301   38  503  189  517  192  728  887  308   49  737   57  526	: b  844  496  289  574  130  810  978  114  568   23  403  276  561  788   15  109  957  210  392
	preLogic lookup: 902 Rank: 46
post logic: a  311  197   35  557  764  181  199   87   36  588  377  300  498  949  857  867  657  301   38  503  189  517  192  728  887  308   49  737   57  526  902	: b  844  496  289  574  130  810  978  114  568   23  403  276  561  788   15  109  957  210  392
	preLogic lookup: 311 Rank: 22
post logic: a  197   35  557  764  181  199   87   36  588  377  300  498  949  857  867  657  301   38  503  189  517  192  728  887  308   49  737   57  526  902  311	: b  844  496  289  574  130  810  978  114  568   23  403  276  561  788   15  109  957  210  392
	preLogic lookup: 197 Rank: 14
post logic: a   35  557  764  181  199   87   36  588  377  300  498  949  857  867  657  301   38  503  189  517  192  728  887  308   49  737   57  526  902  311  197	: b  844  496  289  574  130  810  978  114  568   23  403  276  561  788   15  109  957  210  392
	preLogic lookup: 35 Rank: 2
post logic: a  557  764  181  199   87   36  588  377  300  498  949  857  867  657  301   38  503  189  517  192  728  887  308   49  737   57  526  902  311  197	: b   35  844  496  289  574  130  810  978  114  568   23  403  276  561  788   15  109  957  210  392
	preLogic lookup: 557 Rank: 31
post logic: a  764  181  199   87   36  588  377  300  498  949  857  867  657  301   38  503  189  517  192  728  887  308   49  737   57  526  902  311  197  557	: b   35  844  496  289  574  130  810  978  114  568   23  403  276  561  788   15  109  957  210  392
	preLogic lookup: 764 Rank: 39
post logic: a  181  199   87   36  588  377  300  498  949  857  867  657  301   38  503  189  517  192  728  887  308   49  737   57  526  902  311  197  557  764	: b   35  844  496  289  574  130  810  978  114  568   23  403  276  561  788   15  109  957  210  392
	preLogic lookup: 181 Rank: 11
post logic: a  199   87   36  588  377  300  498  949  857  867  657  301   38  503  189  517  192  728  887  308   49  737   57  526  902  311  197  557  764	: b  181   35  844  496  289  574  130  810  978  114  568   23  403  276  561  788   15  109  957  210  392
	preLogic lookup: 199 Rank: 15
post logic: a   87   36  588  377  300  498  949  857  867  657  301   38  503  189  517  192  728  887  308   49  737   57  526  902  311  197  557  764  199	: b  181   35  844  496  289  574  130  810  978  114  568   23  403  276  561  788   15  109  957  210  392
	preLogic lookup: 87 Rank: 7
post logic: a   36  588  377  300  498  949  857  867  657  301   38  503  189  517  192  728  887  308   49  737   57  526  902  311  197  557  764  199   87	: b  181   35  844  496  289  574  130  810  978  114  568   23  403  276  561  788   15  109  957  210  392
	preLogic lookup: 36 Rank: 3
post logic: a  588  377  300  498  949  857  867  657  301   38  503  189  517  192  728  887  308   49  737   57  526  902  311  197  557  764  199   87	: b   36  181   35  844  496  289  574  130  810  978  114  568   23  403  276  561  788   15  109  957  210  392
	preLogic lookup: 588 Rank: 35
post logic: a  377  300  498  949  857  867  657  301   38  503  189  517  192  728  887  308   49  737   57  526  902  311  197  557  764  199   87	: b  588   36  181   35  844  496  289  574  130  810  978  114  568   23  403  276  561  788   15  109  957  210  392
	preLogic lookup: 377 Rank: 23
post logic: a  300  498  949  857  867  657  301   38  503  189  517  192  728  887  308   49  737   57  526  902  311  197  557  764  199   87  377	: b  588   36  181   35  844  496  289  574  130  810  978  114  568   23  403  276  561  788   15  109  957  210  392
	preLogic lookup: 300 Rank: 19
post logic: a  498  949  857  867  657  301   38  503  189  517  192  728  887  308   49  737   57  526  902  311  197  557  764  199   87  377	: b  300  588   36  181   35  844  496  289  574  130  810  978  114  568   23  403  276  561  788   15  109  957  210  392
	preLogic lookup: 498 Rank: 27
post logic: a  949  857  867  657  301   38  503  189  517  192  728  887  308   49  737   57  526  902  311  197  557  764  199   87  377	: b  498  300  588   36  181   35  844  496  289  574  130  810  978  114  568   23  403  276  561  788   15  109  957  210  392
	preLogic lookup: 949 Rank: 47
post logic: a  857  867  657  301   38  503  189  517  192  728  887  308   49  737   57  526  902  311  197  557  764  199   87  377  949	: b  498  300  588   36  181   35  844  496  289  574  130  810  978  114  568   23  403  276  561  788   15  109  957  210  392
	preLogic lookup: 857 Rank: 43
post logic: a  867  657  301   38  503  189  517  192  728  887  308   49  737   57  526  902  311  197  557  764  199   87  377  949	: b  857  498  300  588   36  181   35  844  496  289  574  130  810  978  114  568   23  403  276  561  788   15  109  957  210  392
  preEmpty: a  867  657  301   38  503  189  517  192  728  887  308   49  737   57  526  902  311  197  557  764  199   87  377  949	: b  857  498  300  588   36  181   35  844  496  289  574  130  810  978  114  568   23  403  276  561  788   15  109  957  210  392
	preLogic lookup: 392 Rank: 24
post logic: a  210  957  109   15  788  561  276  403   23  568  114  978  810  130  574  289  496  844   35  181   36  588  300  498  857  867  657  301   38  503  189  517  192  728  887  308   49  737   57  526  902  311  197  557  764  199   87  377  949  392	: b
	preLogic lookup: 210 Rank: 16
post logic: a  957  109   15  788  561  276  403   23  568  114  978  810  130  574  289  496  844   35  181   36  588  300  498  857  867  657  301   38  503  189  517  192  728  887  308   49  737   57  526  902  311  197  557  764  199   87  377  949  392	: b  210
	preLogic lookup: 957 Rank: 48
post logic: a  109   15  788  561  276  403   23  568  114  978  810  130  574  289  496  844   35  181   36  588  300  498  857  867  657  301   38  503  189  517  192  728  887  308   49  737   57  526  902  311  197  557  764  199   87  377  949  392	: b  957  210
	preLogic lookup: 109 Rank: 8
post logic: a   15  788  561  276  403   23  568  114  978  810  130  574  289  496  844   35  181   36  588  300  498  857  867  657  301   38  503  189  517  192  728  887  308   49  737   57  526  902  311  197  557  764  199   87  377  949  392  109	: b  957  210
	preLogic lookup: 15 Rank: 0
post logic: a  788  561  276  403   23  568  114  978  810  130  574  289  496  844   35  181   36  588  300  498  857  867  657  301   38  503  189  517  192  728  887  308   49  737   57  526  902  311  197  557  764  199   87  377  949  392  109	: b   15  957  210
	preLogic lookup: 788 Rank: 40
post logic: a  561  276  403   23  568  114  978  810  130  574  289  496  844   35  181   36  588  300  498  857  867  657  301   38  503  189  517  192  728  887  308   49  737   57  526  902  311  197  557  764  199   87  377  949  392  109  788	: b   15  957  210
	preLogic lookup: 561 Rank: 32
post logic: a  276  403   23  568  114  978  810  130  574  289  496  844   35  181   36  588  300  498  857  867  657  301   38  503  189  517  192  728  887  308   49  737   57  526  902  311  197  557  764  199   87  377  949  392  109  788	: b  561   15  957  210
	preLogic lookup: 276 Rank: 17
post logic: a  403   23  568  114  978  810  130  574  289  496  844   35  181   36  588  300  498  857  867  657  301   38  503  189  517  192  728  887  308   49  737   57  526  902  311  197  557  764  199   87  377  949  392  109  788	: b  276  561   15  957  210
	preLogic lookup: 403 Rank: 25
post logic: a   23  568  114  978  810  130  574  289  496  844   35  181   36  588  300  498  857  867  657  301   38  503  189  517  192  728  887  308   49  737   57  526  902  311  197  557  764  199   87  377  949  392  109  788  403	: b  276  561   15  957  210
	preLogic lookup: 23 Rank: 1
post logic: a  568  114  978  810  130  574  289  496  844   35  181   36  588  300  498  857  867  657  301   38  503  189  517  192  728  887  308   49  737   57  526  902  311  197  557  764  199   87  377  949  392  109  788  403	: b   23  276  561   15  957  210
	preLogic lookup: 568 Rank: 33
post logic: a  114  978  810  130  574  289  496  844   35  181   36  588  300  498  857  867  657  301   38  503  189  517  192  728  887  308   49  737   57  526  902  311  197  557  764  199   87  377  949  392  109  788  403	: b  568   23  276  561   15  957  210
	preLogic lookup: 114 Rank: 9
post logic: a  978  810  130  574  289  496  844   35  181   36  588  300  498  857  867  657  301   38  503  189  517  192  728  887  308   49  737   57  526  902  311  197  557  764  199   87  377  949  392  109  788  403  114	: b  568   23  276  561   15  957  210
	preLogic lookup: 978 Rank: 49
post logic: a  810  130  574  289  496  844   35  181   36  588  300  498  857  867  657  301   38  503  189  517  192  728  887  308   49  737   57  526  902  311  197  557  764  199   87  377  949  392  109  788  403  114	: b  978  568   23  276  561   15  957  210
	preLogic lookup: 810 Rank: 41
post logic: a  130  574  289  496  844   35  181   36  588  300  498  857  867  657  301   38  503  189  517  192  728  887  308   49  737   57  526  902  311  197  557  764  199   87  377  949  392  109  788  403  114  810	: b  978  568   23  276  561   15  957  210
	preLogic lookup: 130 Rank: 10
post logic: a  574  289  496  844   35  181   36  588  300  498  857  867  657  301   38  503  189  517  192  728  887  308   49  737   57  526  902  311  197  557  764  199   87  377  949  392  109  788  403  114  810  130	: b  978  568   23  276  561   15  957  210
	preLogic lookup: 574 Rank: 34
post logic: a  289  496  844   35  181   36  588  300  498  857  867  657  301   38  503  189  517  192  728  887  308   49  737   57  526  902  311  197  557  764  199   87  377  949  392  109  788  403  114  810  130	: b  574  978  568   23  276  561   15  957  210
	preLogic lookup: 289 Rank: 18
post logic: a  496  844   35  181   36  588  300  498  857  867  657  301   38  503  189  517  192  728  887  308   49  737   57  526  902  311  197  557  764  199   87  377  949  392  109  788  403  114  810  130	: b  289  574  978  568   23  276  561   15  957  210
	preLogic lookup: 496 Rank: 26
post logic: a  844   35  181   36  588  300  498  857  867  657  301   38  503  189  517  192  728  887  308   49  737   57  526  902  311  197  557  764  199   87  377  949  392  109  788  403  114  810  130  496	: b  289  574  978  568   23  276  561   15  957  210
	preLogic lookup: 844 Rank: 42
post logic: a   35  181   36  588  300  498  857  867  657  301   38  503  189  517  192  728  887  308   49  737   57  526  902  311  197  557  764  199   87  377  949  392  109  788  403  114  810  130  496  844	: b  289  574  978  568   23  276  561   15  957  210
	preLogic lookup: 35 Rank: 2
post logic: a  181   36  588  300  498  857  867  657  301   38  503  189  517  192  728  887  308   49  737   57  526  902  311  197  557  764  199   87  377  949  392  109  788  403  114  810  130  496  844	: b   35  289  574  978  568   23  276  561   15  957  210
	preLogic lookup: 181 Rank: 11
post logic: a   36  588  300  498  857  867  657  301   38  503  189  517  192  728  887  308   49  737   57  526  902  311  197  557  764  199   87  377  949  392  109  788  403  114  810  130  496  844  181	: b   35  289  574  978  568   23  276  561   15  957  210
	preLogic lookup: 36 Rank: 3
post logic: a  588  300  498  857  867  657  301   38  503  189  517  192  728  887  308   49  737   57  526  902  311  197  557  764  199   87  377  949  392  109  788  403  114  810  130  496  844  181	: b   36   35  289  574  978  568   23  276  561   15  957  210
	preLogic lookup: 588 Rank: 35
post logic: a  300  498  857  867  657  301   38  503  189  517  192  728  887  308   49  737   57  526  902  311  197  557  764  199   87  377  949  392  109  788  403  114  810  130  496  844  181	: b  588   36   35  289  574  978  568   23  276  561   15  957  210
	preLogic lookup: 300 Rank: 19
post logic: a  498  857  867  657  301   38  503  189  517  192  728  887  308   49  737   57  526  902  311  197  557  764  199   87  377  949  392  109  788  403  114  810  130  496  844  181	: b  300  588   36   35  289  574  978  568   23  276  561   15  957  210
	preLogic lookup: 498 Rank: 27
post logic: a  857  867  657  301   38  503  189  517  192  728  887  308   49  737   57  526  902  311  197  557  764  199   87  377  949  392  109  788  403  114  810  130  496  844  181  498	: b  300  588   36   35  289  574  978  568   23  276  561   15  957  210
	preLogic lookup: 857 Rank: 43
post logic: a  867  657  301   38  503  189  517  192  728  887  308   49  737   57  526  902  311  197  557  764  199   87  377  949  392  109  788  403  114  810  130  496  844  181  498  857	: b  300  588   36   35  289  574  978  568   23  276  561   15  957  210
	preLogic lookup: 867 Rank: 44
post logic: a  657  301   38  503  189  517  192  728  887  308   49  737   57  526  902  311  197  557  764  199   87  377  949  392  109  788  403  114  810  130  496  844  181  498  857  867	: b  300  588   36   35  289  574  978  568   23  276  561   15  957  210
	preLogic lookup: 657 Rank: 36
post logic: a  301   38  503  189  517  192  728  887  308   49  737   57  526  902  311  197  557  764  199   87  377  949  392  109  788  403  114  810  130  496  844  181  498  857  867	: b  657  300  588   36   35  289  574  978  568   23  276  561   15  957  210
	preLogic lookup: 301 Rank: 20
post logic: a   38  503  189  517  192  728  887  308   49  737   57  526  902  311  197  557  764  199   87  377  949  392  109  788  403  114  810  130  496  844  181  498  857  867	: b  301  657  300  588   36   35  289  574  978  568   23  276  561   15  957  210
	preLogic lookup: 38 Rank: 4
post logic: a  503  189  517  192  728  887  308   49  737   57  526  902  311  197  557  764  199   87  377  949  392  109  788  403  114  810  130  496  844  181  498  857  867	: b   38  301  657  300  588   36   35  289  574  978  568   23  276  561   15  957  210
	preLogic lookup: 503 Rank: 28
post logic: a  189  517  192  728  887  308   49  737   57  526  902  311  197  557  764  199   87  377  949  392  109  788  403  114  810  130  496  844  181  498  857  867  503	: b   38  301  657  300  588   36   35  289  574  978  568   23  276  561   15  957  210
	preLogic lookup: 189 Rank: 12
post logic: a  517  192  728  887  308   49  737   57  526  902  311  197  557  764  199   87  377  949  392  109  788  403  114  810  130  496  844  181  498  857  867  503  189	: b   38  301  657  300  588   36   35  289  574  978  568   23  276  561   15  957  210
	preLogic lookup: 517 Rank: 29
post logic: a  192  728  887  308   49  737   57  526  902  311  197  557  764  199   87  377  949  392  109  788  403  114  810  130  496  844  181  498  857  867  503  189  517	: b   38  301  657  300  588   36   35  289  574  978  568   23  276  561   15  957  210
	preLogic lookup: 192 Rank: 13
post logic: a  728  887  308   49  737   57  526  902  311  197  557  764  199   87  377  949  392  109  788  403  114  810  130  496  844  181  498  857  867  503  189  517  192	: b   38  301  657  300  588   36   35  289  574  978  568   23  276  561   15  957  210
	preLogic lookup: 728 Rank: 37
post logic: a  887  308   49  737   57  526  902  311  197  557  764  199   87  377  949  392  109  788  403  114  810  130  496  844  181  498  857  867  503  189  517  192	: b  728   38  301  657  300  588   36   35  289  574  978  568   23  276  561   15  957  210
	preLogic lookup: 887 Rank: 45
post logic: a  308   49  737   57  526  902  311  197  557  764  199   87  377  949  392  109  788  403  114  810  130  496  844  181  498  857  867  503  189  517  192  887	: b  728   38  301  657  300  588   36   35  289  574  978  568   23  276  561   15  957  210
	preLogic lookup: 308 Rank: 21
post logic: a   49  737   57  526  902  311  197  557  764  199   87  377  949  392  109  788  403  114  810  130  496  844  181  498  857  867  503  189  517  192  887	: b  308  728   38  301  657  300  588   36   35  289  574  978  568   23  276  561   15  957  210
	preLogic lookup: 49 Rank: 5
post logic: a  737   57  526  902  311  197  557  764  199   87  377  949  392  109  788  403  114  810  130  496  844  181  498  857  867  503  189  517  192  887	: b   49  308  728   38  301  657  300  588   36   35  289  574  978  568   23  276  561   15  957  210
	preLogic lookup: 737 Rank: 38
post logic: a   57  526  902  311  197  557  764  199   87  377  949  392  109  788  403  114  810  130  496  844  181  498  857  867  503  189  517  192  887	: b  737   49  308  728   38  301  657  300  588   36   35  289  574  978  568   23  276  561   15  957  210
	preLogic lookup: 57 Rank: 6
post logic: a  526  902  311  197  557  764  199   87  377  949  392  109  788  403  114  810  130  496  844  181  498  857  867  503  189  517  192  887	: b   57  737   49  308  728   38  301  657  300  588   36   35  289  574  978  568   23  276  561   15  957  210
	preLogic lookup: 526 Rank: 30
post logic: a  902  311  197  557  764  199   87  377  949  392  109  788  403  114  810  130  496  844  181  498  857  867  503  189  517  192  887  526	: b   57  737   49  308  728   38  301  657  300  588   36   35  289  574  978  568   23  276  561   15  957  210
	preLogic lookup: 902 Rank: 46
post logic: a  311  197  557  764  199   87  377  949  392  109  788  403  114  810  130  496  844  181  498  857  867  503  189  517  192  887  526  902	: b   57  737   49  308  728   38  301  657  300  588   36   35  289  574  978  568   23  276  561   15  957  210
	preLogic lookup: 311 Rank: 22
post logic: a  197  557  764  199   87  377  949  392  109  788  403  114  810  130  496  844  181  498  857  867  503  189  517  192  887  526  902	: b  311   57  737   49  308  728   38  301  657  300  588   36   35  289  574  978  568   23  276  561   15  957  210
	preLogic lookup: 197 Rank: 14
post logic: a  557  764  199   87  377  949  392  109  788  403  114  810  130  496  844  181  498  857  867  503  189  517  192  887  526  902  197	: b  311   57  737   49  308  728   38  301  657  300  588   36   35  289  574  978  568   23  276  561   15  957  210
	preLogic lookup: 557 Rank: 31
post logic: a  764  199   87  377  949  392  109  788  403  114  810  130  496  844  181  498  857  867  503  189  517  192  887  526  902  197  557	: b  311   57  737   49  308  728   38  301  657  300  588   36   35  289  574  978  568   23  276  561   15  957  210
	preLogic lookup: 764 Rank: 39
post logic: a  199   87  377  949  392  109  788  403  114  810  130  496  844  181  498  857  867  503  189  517  192  887  526  902  197  557	: b  764  311   57  737   49  308  728   38  301  657  300  588   36   35  289  574  978  568   23  276  561   15  957  210
	preLogic lookup: 199 Rank: 15
post logic: a   87  377  949  392  109  788  403  114  810  130  496  844  181  498  857  867  503  189  517  192  887  526  902  197  557  199	: b  764  311   57  737   49  308  728   38  301  657  300  588   36   35  289  574  978  568   23  276  561   15  957  210
	preLogic lookup: 87 Rank: 7
post logic: a  377  949  392  109  788  403  114  810  130  496  844  181  498  857  867  503  189  517  192  887  526  902  197  557  199	: b   87  764  311   57  737   49  308  728   38  301  657  300  588   36   35  289  574  978  568   23  276  561   15  957  210
	preLogic lookup: 377 Rank: 23
post logic: a  949  392  109  788  403  114  810  130  496  844  181  498  857  867  503  189  517  192  887  526  902  197  557  199	: b  377   87  764  311   57  737   49  308  728   38  301  657  300  588   36   35  289  574  978  568   23  276  561   15  957  210
	preLogic lookup: 949 Rank: 47
post logic: a  392  109  788  403  114  810  130  496  844  181  498  857  867  503  189  517  192  887  526  902  197  557  199  949	: b  377   87  764  311   57  737   49  308  728   38  301  657  300  588   36   35  289  574  978  568   23  276  561   15  957  210
  preEmpty: a  392  109  788  403  114  810  130  496  844  181  498  857  867  503  189  517  192  887  526  902  197  557  199  949	: b  377   87  764  311   57  737   49  308  728   38  301  657  300  588   36   35  289  574  978  568   23  276  561   15  957  210
	preLogic lookup: 210 Rank: 16
post logic: a  957   15  561  276   23  568  978  574  289   35   36  588  300  657  301   38  728  308   49  737   57  311  764   87  377  392  109  788  403  114  810  130  496  844  181  498  857  867  503  189  517  192  887  526  902  197  557  199  949  210	: b
	preLogic lookup: 957 Rank: 48
post logic: a   15  561  276   23  568  978  574  289   35   36  588  300  657  301   38  728  308   49  737   57  311  764   87  377  392  109  788  403  114  810  130  496  844  181  498  857  867  503  189  517  192  887  526  902  197  557  199  949  210  957	: b
	preLogic lookup: 15 Rank: 0
post logic: a  561  276   23  568  978  574  289   35   36  588  300  657  301   38  728  308   49  737   57  311  764   87  377  392  109  788  403  114  810  130  496  844  181  498  857  867  503  189  517  192  887  526  902  197  557  199  949  210  957	: b   15
	preLogic lookup: 561 Rank: 32
post logic: a  276   23  568  978  574  289   35   36  588  300  657  301   38  728  308   49  737   57  311  764   87  377  392  109  788  403  114  810  130  496  844  181  498  857  867  503  189  517  192  887  526  902  197  557  199  949  210  957	: b  561   15
	preLogic lookup: 276 Rank: 17
post logic: a   23  568  978  574  289   35   36  588  300  657  301   38  728  308   49  737   57  311  764   87  377  392  109  788  403  114  810  130  496  844  181  498  857  867  503  189  517  192  887  526  902  197  557  199  949  210  957  276	: b  561   15
	preLogic lookup: 23 Rank: 1
post logic: a  568  978  574  289   35   36  588  300  657  301   38  728  308   49  737   57  311  764   87  377  392  109  788  403  114  810  130  496  844  181  498  857  867  503  189  517  192  887  526  902  197  557  199  949  210  957  276	: b   23  561   15
	preLogic lookup: 568 Rank: 33
post logic: a  978  574  289   35   36  588  300  657  301   38  728  308   49  737   57  311  764   87  377  392  109  788  403  114  810  130  496  844  181  498  857  867  503  189  517  192  887  526  902  197  557  199  949  210  957  276	: b  568   23  561   15
	preLogic lookup: 978 Rank: 49
post logic: a  574  289   35   36  588  300  657  301   38  728  308   49  737   57  311  764   87  377  392  109  788  403  114  810  130  496  844  181  498  857  867  503  189  517  192  887  526  902  197  557  199  949  210  957  276  978	: b  568   23  561   15
	preLogic lookup: 574 Rank: 34
post logic: a  289   35   36  588  300  657  301   38  728  308   49  737   57  311  764   87  377  392  109  788  403  114  810  130  496  844  181  498  857  867  503  189  517  192  887  526  902  197  557  199  949  210  957  276  978	: b  574  568   23  561   15
	preLogic lookup: 289 Rank: 18
post logic: a   35   36  588  300  657  301   38  728  308   49  737   57  311  764   87  377  392  109  788  403  114  810  130  496  844  181  498  857  867  503  189  517  192  887  526  902  197  557  199  949  210  957  276  978  289	: b  574  568   23  561   15
	preLogic lookup: 35 Rank: 2
post logic: a   36  588  300  657  301   38  728  308   49  737   57  311  764   87  377  392  109  788  403  114  810  130  496  844  181  498  857  867  503  189  517  192  887  526  902  197  557  199  949  210  957  276  978  289	: b   35  574  568   23  561   15
	preLogic lookup: 36 Rank: 3
post logic: a  588  300  657  301   38  728  308   49  737   57  311  764   87  377  392  109  788  403  114  810  130  496  844  181  498  857  867  503  189  517  192  887  526  902  197  557  199  949  210  957  276  978  289	: b   36   35  574  568   23  561   15
	preLogic lookup: 588 Rank: 35
post logic: a  300  657  301   38  728  308   49  737   57  311  764   87  377  392  109  788  403  114  810  130  496  844  181  498  857  867  503  189  517  192  887  526  902  197  557  199  949  210  957  276  978  289	: b  588   36   35  574  568   23  561   15
	preLogic lookup: 300 Rank: 19
post logic: a  657  301   38  728  308   49  737   57  311  764   87  377  392  109  788  403  114  810  130  496  844  181  498  857  867  503  189  517  192  887  526  902  197  557  199  949  210  957  276  978  289  300	: b  588   36   35  574  568   23  561   15
	preLogic lookup: 657 Rank: 36
post logic: a  301   38  728  308   49  737   57  311  764   87  377  392  109  788  403  114  810  130  496  844  181  498  857  867  503  189  517  192  887  526  902  197  557  199  949  210  957  276  978  289  300	: b  657  588   36   35  574  568   23  561   15
	preLogic lookup: 301 Rank: 20
post logic: a   38  728  308   49  737   57  311  764   87  377  392  109  788  403  114  810  130  496  844  181  498  857  867  503  189  517  192  887  526  902  197  557  199  949  210  957  276  978  289  300  301	: b  657  588   36   35  574  568   23  561   15
	preLogic lookup: 38 Rank: 4
post logic: a  728  308   49  737   57  311  764   87  377  392  109  788  403  114  810  130  496  844  181  498  857  867  503  189  517  192  887  526  902  197  557  199  949  210  957  276  978  289  300  301	: b   38  657  588   36   35  574  568   23  561   15
	preLogic lookup: 728 Rank: 37
post logic: a  308   49  737   57  311  764   87  377  392  109  788  403  114  810  130  496  844  181  498  857  867  503  189  517  192  887  526  902  197  557  199  949  210  957  276  978  289  300  301	: b  728   38  657  588   36   35  574  568   23  561   15
	preLogic lookup: 308 Rank: 21
post logic: a   49  737   57  311  764   87  377  392  109  788  403  114  810  130  496  844  181  498  857  867  503  189  517  192  887  526  902  197  557  199  949  210  957  276  978  289  300  301  308	: b  728   38  657  588   36   35  574  568   23  561   15
	preLogic lookup: 49 Rank: 5
post logic: a  737   57  311  764   87  377  392  109  788  403  114  810  130  496  844  181  498  857  867  503  189  517  192  887  526  902  197  557  199  949  210  957  276  978  289  300  301  308	: b   49  728   38  657  588   36   35  574  568   23  561   15
	preLogic lookup: 737 Rank: 38
post logic: a   57  311  764   87  377  392  109  788  403  114  810  130  496  844  181  498  857  867  503  189  517  192  887  526  902  197  557  199  949  210  957  276  978  289  300  301  308	: b  737   49  728   38  657  588   36   35  574  568   23  561   15
	preLogic lookup: 57 Rank: 6
post logic: a  311  764   87  377  392  109  788  403  114  810  130  496  844  181  498  857  867  503  189  517  192  887  526  902  197  557  199  949  210  957  276  978  289  300  301  308	: b   57  737   49  728   38  657  588   36   35  574  568   23  561   15
	preLogic lookup: 311 Rank: 22
post logic: a  764   87  377  392  109  788  403  114  810  130  496  844  181  498  857  867  503  189  517  192  887  526  902  197  557  199  949  210  957  276  978  289  300  301  308  311	: b   57  737   49  728   38  657  588   36   35  574  568   23  561   15
	preLogic lookup: 764 Rank: 39
post logic: a   87  377  392  109  788  403  114  810  130  496  844  181  498  857  867  503  189  517  192  887  526  902  197  557  199  949  210  957  276  978  289  300  301  308  311	: b  764   57  737   49  728   38  657  588   36   35  574  568   23  561   15
	preLogic lookup: 87 Rank: 7
post logic: a  377  392  109  788  403  114  810  130  496  844  181  498  857  867  503  189  517  192  887  526  902  197  557  199  949  210  957  276  978  289  300  301  308  311	: b   87  764   57  737   49  728   38  657  588   36   35  574  568   23  561   15
	preLogic lookup: 377 Rank: 23
post logic: a  392  109  788  403  114  810  130  496  844  181  498  857  867  503  189  517  192  887  526  902  197  557  199  949  210  957  276  978  289  300  301  308  311  377	: b   87  764   57  737   49  728   38  657  588   36   35  574  568   23  561   15
	preLogic lookup: 392 Rank: 24
post logic: a  109  788  403  114  810  130  496  844  181  498  857  867  503  189  517  192  887  526  902  197  557  199  949  210  957  276  978  289  300  301  308  311  377  392	: b   87  764   57  737   49  728   38  657  588   36   35  574  568   23  561   15
	preLogic lookup: 109 Rank: 8
post logic: a  788  403  114  810  130  496  844  181  498  857  867  503  189  517  192  887  526  902  197  557  199  949  210  957  276  978  289  300  301  308  311  377  392	: b  109   87  764   57  737   49  728   38  657  588   36   35  574  568   23  561   15
	preLogic lookup: 788 Rank: 40
post logic: a  403  114  810  130  496  844  181  498  857  867  503  189  517  192  887  526  902  197  557  199  949  210  957  276  978  289  300  301  308  311  377  392	: b  788  109   87  764   57  737   49  728   38  657  588   36   35  574  568   23  561   15
	preLogic lookup: 403 Rank: 25
post logic: a  114  810  130  496  844  181  498  857  867  503  189  517  192  887  526  902  197  557  199  949  210  957  276  978  289  300  301  308  311  377  392  403	: b  788  109   87  764   57  737   49  728   38  657  588   36   35  574  568   23  561   15
	preLogic lookup: 114 Rank: 9
post logic: a  810  130  496  844  181  498  857  867  503  189  517  192  887  526  902  197  557  199  949  210  957  276  978  289  300  301  308  311  377  392  403	: b  114  788  109   87  764   57  737   49  728   38  657  588   36   35  574  568   23  561   15
	preLogic lookup: 810 Rank: 41
post logic: a  130  496  844  181  498  857  867  503  189  517  192  887  526  902  197  557  199  949  210  957  276  978  289  300  301  308  311  377  392  403	: b  810  114  788  109   87  764   57  737   49  728   38  657  588   36   35  574  568   23  561   15
	preLogic lookup: 130 Rank: 10
post logic: a  496  844  181  498  857  867  503  189  517  192  887  526  902  197  557  199  949  210  957  276  978  289  300  301  308  311  377  392  403	: b  130  810  114  788  109   87  764   57  737   49  728   38  657  588   36   35  574  568   23  561   15
	preLogic lookup: 496 Rank: 26
post logic: a  844  181  498  857  867  503  189  517  192  887  526  902  197  557  199  949  210  957  276  978  289  300  301  308  311  377  392  403  496	: b  130  810  114  788  109   87  764   57  737   49  728   38  657  588   36   35  574  568   23  561   15
	preLogic lookup: 844 Rank: 42
post logic: a  181  498  857  867  503  189  517  192  887  526  902  197  557  199  949  210  957  276  978  289  300  301  308  311  377  392  403  496	: b  844  130  810  114  788  109   87  764   57  737   49  728   38  657  588   36   35  574  568   23  561   15
	preLogic lookup: 181 Rank: 11
post logic: a  498  857  867  503  189  517  192  887  526  902  197  557  199  949  210  957  276  978  289  300  301  308  311  377  392  403  496	: b  181  844  130  810  114  788  109   87  764   57  737   49  728   38  657  588   36   35  574  568   23  561   15
	preLogic lookup: 498 Rank: 27
post logic: a  857  867  503  189  517  192  887  526  902  197  557  199  949  210  957  276  978  289  300  301  308  311  377  392  403  496  498	: b  181  844  130  810  114  788  109   87  764   57  737   49  728   38  657  588   36   35  574  568   23  561   15
	preLogic lookup: 857 Rank: 43
post logic: a  867  503  189  517  192  887  526  902  197  557  199  949  210  957  276  978  289  300  301  308  311  377  392  403  496  498	: b  857  181  844  130  810  114  788  109   87  764   57  737   49  728   38  657  588   36   35  574  568   23  561   15
	preLogic lookup: 867 Rank: 44
post logic: a  503  189  517  192  887  526  902  197  557  199  949  210  957  276  978  289  300  301  308  311  377  392  403  496  498	: b  867  857  181  844  130  810  114  788  109   87  764   57  737   49  728   38  657  588   36   35  574  568   23  561   15
	preLogic lookup: 503 Rank: 28
post logic: a  189  517  192  887  526  902  197  557  199  949  210  957  276  978  289  300  301  308  311  377  392  403  496  498  503	: b  867  857  181  844  130  810  114  788  109   87  764   57  737   49  728   38  657  588   36   35  574  568   23  561   15
	preLogic lookup: 189 Rank: 12
post logic: a  517  192  887  526  902  197  557  199  949  210  957  276  978  289  300  301  308  311  377  392  403  496  498  503	: b  189  867  857  181  844  130  810  114  788  109   87  764   57  737   49  728   38  657  588   36   35  574  568   23  561   15
	preLogic lookup: 517 Rank: 29
post logic: a  192  887  526  902  197  557  199  949  210  957  276  978  289  300  301  308  311  377  392  403  496  498  503  517	: b  189  867  857  181  844  130  810  114  788  109   87  764   57  737   49  728   38  657  588   36   35  574  568   23  561   15
	preLogic lookup: 192 Rank: 13
post logic: a  887  526  902  197  557  199  949  210  957  276  978  289  300  301  308  311  377  392  403  496  498  503  517	: b  192  189  867  857  181  844  130  810  114  788  109   87  764   57  737   49  728   38  657  588   36   35  574  568   23  561   15
	preLogic lookup: 887 Rank: 45
post logic: a  526  902  197  557  199  949  210  957  276  978  289  300  301  308  311  377  392  403  496  498  503  517	: b  887  192  189  867  857  181  844  130  810  114  788  109   87  764   57  737   49  728   38  657  588   36   35  574  568   23  561   15
	preLogic lookup: 526 Rank: 30
post logic: a  902  197  557  199  949  210  957  276  978  289  300  301  308  311  377  392  403  496  498  503  517  526	: b  887  192  189  867  857  181  844  130  810  114  788  109   87  764   57  737   49  728   38  657  588   36   35  574  568   23  561   15
	preLogic lookup: 902 Rank: 46
post logic: a  197  557  199  949  210  957  276  978  289  300  301  308  311  377  392  403  496  498  503  517  526	: b  902  887  192  189  867  857  181  844  130  810  114  788  109   87  764   57  737   49  728   38  657  588   36   35  574  568   23  561   15
	preLogic lookup: 197 Rank: 14
post logic: a  557  199  949  210  957  276  978  289  300  301  308  311  377  392  403  496  498  503  517  526	: b  197  902  887  192  189  867  857  181  844  130  810  114  788  109   87  764   57  737   49  728   38  657  588   36   35  574  568   23  561   15
	preLogic lookup: 557 Rank: 31
post logic: a  199  949  210  957  276  978  289  300  301  308  311  377  392  403  496  498  503  517  526  557	: b  197  902  887  192  189  867  857  181  844  130  810  114  788  109   87  764   57  737   49  728   38  657  588   36   35  574  568   23  561   15
	preLogic lookup: 199 Rank: 15
post logic: a  949  210  957  276  978  289  300  301  308  311  377  392  403  496  498  503  517  526  557	: b  199  197  902  887  192  189  867  857  181  844  130  810  114  788  109   87  764   57  737   49  728   38  657  588   36   35  574  568   23  561   15
	preLogic lookup: 949 Rank: 47
post logic: a  210  957  276  978  289  300  301  308  311  377  392  403  496  498  503  517  526  557	: b  949  199  197  902  887  192  189  867  857  181  844  130  810  114  788  109   87  764   57  737   49  728   38  657  588   36   35  574  568   23  561   15
  preEmpty: a  210  957  276  978  289  300  301  308  311  377  392  403  496  498  503  517  526  557	: b  949  199  197  902  887  192  189  867  857  181  844  130  810  114  788  109   87  764   57  737   49  728   38  657  588   36   35  574  568   23  561   15
	preLogic lookup: 15 Rank: 0
post logic: a  561   23  568  574   35   36  588  657   38  728   49  737   57  764   87  109  788  114  810  130  844  181  857  867  189  192  887  902  197  199  949  210  957  276  978  289  300  301  308  311  377  392  403  496  498  503  517  526  557	: b   15
	preLogic lookup: 561 Rank: 32
post logic: a   23  568  574   35   36  588  657   38  728   49  737   57  764   87  109  788  114  810  130  844  181  857  867  189  192  887  902  197  199  949  210  957  276  978  289  300  301  308  311  377  392  403  496  498  503  517  526  557  561	: b   15
	preLogic lookup: 23 Rank: 1
post logic: a  568  574   35   36  588  657   38  728   49  737   57  764   87  109  788  114  810  130  844  181  857  867  189  192  887  902  197  199  949  210  957  276  978  289  300  301  308  311  377  392  403  496  498  503  517  526  557  561	: b   23   15
	preLogic lookup: 568 Rank: 33
post logic: a  574   35   36  588  657   38  728   49  737   57  764   87  109  788  114  810  130  844  181  857  867  189  192  887  902  197  199  949  210  957  276  978  289  300  301  308  311  377  392  403  496  498  503  517  526  557  561  568	: b   23   15
	preLogic lookup: 574 Rank: 34
post logic: a   35   36  588  657   38  728   49  737   57  764   87  109  788  114  810  130  844  181  857  867  189  192  887  902  197  199  949  210  957  276  978  289  300  301  308  311  377  392  403  496  498  503  517  526  557  561  568  574	: b   23   15
	preLogic lookup: 35 Rank: 2
post logic: a   36  588  657   38  728   49  737   57  764   87  109  788  114  810  130  844  181  857  867  189  192  887  902  197  199  949  210  957  276  978  289  300  301  308  311  377  392  403  496  498  503  517  526  557  561  568  574	: b   35   23   15
	preLogic lookup: 36 Rank: 3
post logic: a  588  657   38  728   49  737   57  764   87  109  788  114  810  130  844  181  857  867  189  192  887  902  197  199  949  210  957  276  978  289  300  301  308  311  377  392  403  496  498  503  517  526  557  561  568  574	: b   36   35   23   15
	preLogic lookup: 588 Rank: 35
post logic: a  657   38  728   49  737   57  764   87  109  788  114  810  130  844  181  857  867  189  192  887  902  197  199  949  210  957  276  978  289  300  301  308  311  377  392  403  496  498  503  517  526  557  561  568  574  588	: b   36   35   23   15
	preLogic lookup: 657 Rank: 36
post logic: a   38  728   49  737   57  764   87  109  788  114  810  130  844  181  857  867  189  192  887  902  197  199  949  210  957  276  978  289  300  301  308  311  377  392  403  496  498  503  517  526  557  561  568  574  588  657	: b   36   35   23   15
	preLogic lookup: 38 Rank: 4
post logic: a  728   49  737   57  764   87  109  788  114  810  130  844  181  857  867  189  192  887  902  197  199  949  210  957  276  978  289  300  301  308  311  377  392  403  496  498  503  517  526  557  561  568  574  588  657	: b   38   36   35   23   15
	preLogic lookup: 728 Rank: 37
post logic: a   49  737   57  764   87  109  788  114  810  130  844  181  857  867  189  192  887  902  197  199  949  210  957  276  978  289  300  301  308  311  377  392  403  496  498  503  517  526  557  561  568  574  588  657  728	: b   38   36   35   23   15
	preLogic lookup: 49 Rank: 5
post logic: a  737   57  764   87  109  788  114  810  130  844  181  857  867  189  192  887  902  197  199  949  210  957  276  978  289  300  301  308  311  377  392  403  496  498  503  517  526  557  561  568  574  588  657  728	: b   49   38   36   35   23   15
	preLogic lookup: 737 Rank: 38
post logic: a   57  764   87  109  788  114  810  130  844  181  857  867  189  192  887  902  197  199  949  210  957  276  978  289  300  301  308  311  377  392  403  496  498  503  517  526  557  561  568  574  588  657  728  737	: b   49   38   36   35   23   15
	preLogic lookup: 57 Rank: 6
post logic: a  764   87  109  788  114  810  130  844  181  857  867  189  192  887  902  197  199  949  210  957  276  978  289  300  301  308  311  377  392  403  496  498  503  517  526  557  561  568  574  588  657  728  737	: b   57   49   38   36   35   23   15
	preLogic lookup: 764 Rank: 39
post logic: a   87  109  788  114  810  130  844  181  857  867  189  192  887  902  197  199  949  210  957  276  978  289  300  301  308  311  377  392  403  496  498  503  517  526  557  561  568  574  588  657  728  737  764	: b   57   49   38   36   35   23   15
	preLogic lookup: 87 Rank: 7
post logic: a  109  788  114  810  130  844  181  857  867  189  192  887  902  197  199  949  210  957  276  978  289  300  301  308  311  377  392  403  496  498  503  517  526  557  561  568  574  588  657  728  737  764	: b   87   57   49   38   36   35   23   15
	preLogic lookup: 109 Rank: 8
post logic: a  788  114  810  130  844  181  857  867  189  192  887  902  197  199  949  210  957  276  978  289  300  301  308  311  377  392  403  496  498  503  517  526  557  561  568  574  588  657  728  737  764	: b  109   87   57   49   38   36   35   23   15
	preLogic lookup: 788 Rank: 40
post logic: a  114  810  130  844  181  857  867  189  192  887  902  197  199  949  210  957  276  978  289  300  301  308  311  377  392  403  496  498  503  517  526  557  561  568  574  588  657  728  737  764  788	: b  109   87   57   49   38   36   35   23   15
	preLogic lookup: 114 Rank: 9
post logic: a  810  130  844  181  857  867  189  192  887  902  197  199  949  210  957  276  978  289  300  301  308  311  377  392  403  496  498  503  517  526  557  561  568  574  588  657  728  737  764  788	: b  114  109   87   57   49   38   36   35   23   15
	preLogic lookup: 810 Rank: 41
post logic: a  130  844  181  857  867  189  192  887  902  197  199  949  210  957  276  978  289  300  301  308  311  377  392  403  496  498  503  517  526  557  561  568  574  588  657  728  737  764  788  810	: b  114  109   87   57   49   38   36   35   23   15
	preLogic lookup: 130 Rank: 10
post logic: a  844  181  857  867  189  192  887  902  197  199  949  210  957  276  978  289  300  301  308  311  377  392  403  496  498  503  517  526  557  561  568  574  588  657  728  737  764  788  810	: b  130  114  109   87   57   49   38   36   35   23   15
	preLogic lookup: 844 Rank: 42
post logic: a  181  857  867  189  192  887  902  197  199  949  210  957  276  978  289  300  301  308  311  377  392  403  496  498  503  517  526  557  561  568  574  588  657  728  737  764  788  810  844	: b  130  114  109   87   57   49   38   36   35   23   15
	preLogic lookup: 181 Rank: 11
post logic: a  857  867  189  192  887  902  197  199  949  210  957  276  978  289  300  301  308  311  377  392  403  496  498  503  517  526  557  561  568  574  588  657  728  737  764  788  810  844	: b  181  130  114  109   87   57   49   38   36   35   23   15
	preLogic lookup: 857 Rank: 43
post logic: a  867  189  192  887  902  197  199  949  210  957  276  978  289  300  301  308  311  377  392  403  496  498  503  517  526  557  561  568  574  588  657  728  737  764  788  810  844  857	: b  181  130  114  109   87   57   49   38   36   35   23   15
	preLogic lookup: 867 Rank: 44
post logic: a  189  192  887  902  197  199  949  210  957  276  978  289  300  301  308  311  377  392  403  496  498  503  517  526  557  561  568  574  588  657  728  737  764  788  810  844  857  867	: b  181  130  114  109   87   57   49   38   36   35   23   15
	preLogic lookup: 189 Rank: 12
post logic: a  192  887  902  197  199  949  210  957  276  978  289  300  301  308  311  377  392  403  496  498  503  517  526  557  561  568  574  588  657  728  737  764  788  810  844  857  867	: b  189  181  130  114  109   87   57   49   38   36   35   23   15
	preLogic lookup: 192 Rank: 13
post logic: a  887  902  197  199  949  210  957  276  978  289  300  301  308  311  377  392  403  496  498  503  517  526  557  561  568  574  588  657  728  737  764  788  810  844  857  867	: b  192  189  181  130  114  109   87   57   49   38   36   35   23   15
	preLogic lookup: 887 Rank: 45
post logic: a  902  197  199  949  210  957  276  978  289  300  301  308  311  377  392  403  496  498  503  517  526  557  561  568  574  588  657  728  737  764  788  810  844  857  867  887	: b  192  189  181  130  114  109   87   57   49   38   36   35   23   15
	preLogic lookup: 902 Rank: 46
post logic: a  197  199  949  210  957  276  978  289  300  301  308  311  377  392  403  496  498  503  517  526  557  561  568  574  588  657  728  737  764  788  810  844  857  867  887  902	: b  192  189  181  130  114  109   87   57   49   38   36   35   23   15
	preLogic lookup: 197 Rank: 14
post logic: a  199  949  210  957  276  978  289  300  301  308  311  377  392  403  496  498  503  517  526  557  561  568  574  588  657  728  737  764  788  810  844  857  867  887  902	: b  197  192  189  181  130  114  109   87   57   49   38   36   35   23   15
	preLogic lookup: 199 Rank: 15
post logic: a  949  210  957  276  978  289  300  301  308  311  377  392  403  496  498  503  517  526  557  561  568  574  588  657  728  737  764  788  810  844  857  867  887  902	: b  199  197  192  189  181  130  114  109   87   57   49   38   36   35   23   15
	preLogic lookup: 949 Rank: 47
post logic: a  210  957  276  978  289  300  301  308  311  377  392  403  496  498  503  517  526  557  561  568  574  588  657  728  737  764  788  810  844  857  867  887  902  949	: b  199  197  192  189  181  130  114  109   87   57   49   38   36   35   23   15
	preLogic lookup: 210 Rank: 16
post logic: a  957  276  978  289  300  301  308  311  377  392  403  496  498  503  517  526  557  561  568  574  588  657  728  737  764  788  810  844  857  867  887  902  949	: b  210  199  197  192  189  181  130  114  109   87   57   49   38   36   35   23   15
	preLogic lookup: 957 Rank: 48
post logic: a  276  978  289  300  301  308  311  377  392  403  496  498  503  517  526  557  561  568  574  588  657  728  737  764  788  810  844  857  867  887  902  949  957	: b  210  199  197  192  189  181  130  114  109   87   57   49   38   36   35   23   15
	preLogic lookup: 276 Rank: 17
post logic: a  978  289  300  301  308  311  377  392  403  496  498  503  517  526  557  561  568  574  588  657  728  737  764  788  810  844  857  867  887  902  949  957	: b  276  210  199  197  192  189  181  130  114  109   87   57   49   38   36   35   23   15
	preLogic lookup: 978 Rank: 49
post logic: a  289  300  301  308  311  377  392  403  496  498  503  517  526  557  561  568  574  588  657  728  737  764  788  810  844  857  867  887  902  949  957  978	: b  276  210  199  197  192  189  181  130  114  109   87   57   49   38   36   35   23   15
	preLogic lookup: 289 Rank: 18
post logic: a  300  301  308  311  377  392  403  496  498  503  517  526  557  561  568  574  588  657  728  737  764  788  810  844  857  867  887  902  949  957  978	: b  289  276  210  199  197  192  189  181  130  114  109   87   57   49   38   36   35   23   15
	preLogic lookup: 300 Rank: 19
post logic: a  301  308  311  377  392  403  496  498  503  517  526  557  561  568  574  588  657  728  737  764  788  810  844  857  867  887  902  949  957  978	: b  300  289  276  210  199  197  192  189  181  130  114  109   87   57   49   38   36   35   23   15
	preLogic lookup: 301 Rank: 20
post logic: a  308  311  377  392  403  496  498  503  517  526  557  561  568  574  588  657  728  737  764  788  810  844  857  867  887  902  949  957  978	: b  301  300  289  276  210  199  197  192  189  181  130  114  109   87   57   49   38   36   35   23   15
	preLogic lookup: 308 Rank: 21
post logic: a  311  377  392  403  496  498  503  517  526  557  561  568  574  588  657  728  737  764  788  810  844  857  867  887  902  949  957  978	: b  308  301  300  289  276  210  199  197  192  189  181  130  114  109   87   57   49   38   36   35   23   15
	preLogic lookup: 311 Rank: 22
post logic: a  377  392  403  496  498  503  517  526  557  561  568  574  588  657  728  737  764  788  810  844  857  867  887  902  949  957  978	: b  311  308  301  300  289  276  210  199  197  192  189  181  130  114  109   87   57   49   38   36   35   23   15
	preLogic lookup: 377 Rank: 23
post logic: a  392  403  496  498  503  517  526  557  561  568  574  588  657  728  737  764  788  810  844  857  867  887  902  949  957  978	: b  377  311  308  301  300  289  276  210  199  197  192  189  181  130  114  109   87   57   49   38   36   35   23   15
	preLogic lookup: 392 Rank: 24
post logic: a  403  496  498  503  517  526  557  561  568  574  588  657  728  737  764  788  810  844  857  867  887  902  949  957  978	: b  392  377  311  308  301  300  289  276  210  199  197  192  189  181  130  114  109   87   57   49   38   36   35   23   15
	preLogic lookup: 403 Rank: 25
post logic: a  496  498  503  517  526  557  561  568  574  588  657  728  737  764  788  810  844  857  867  887  902  949  957  978	: b  403  392  377  311  308  301  300  289  276  210  199  197  192  189  181  130  114  109   87   57   49   38   36   35   23   15
	preLogic lookup: 496 Rank: 26
post logic: a  498  503  517  526  557  561  568  574  588  657  728  737  764  788  810  844  857  867  887  902  949  957  978	: b  496  403  392  377  311  308  301  300  289  276  210  199  197  192  189  181  130  114  109   87   57   49   38   36   35   23   15
	preLogic lookup: 498 Rank: 27
post logic: a  503  517  526  557  561  568  574  588  657  728  737  764  788  810  844  857  867  887  902  949  957  978	: b  498  496  403  392  377  311  308  301  300  289  276  210  199  197  192  189  181  130  114  109   87   57   49   38   36   35   23   15
	preLogic lookup: 503 Rank: 28
post logic: a  517  526  557  561  568  574  588  657  728  737  764  788  810  844  857  867  887  902  949  957  978	: b  503  498  496  403  392  377  311  308  301  300  289  276  210  199  197  192  189  181  130  114  109   87   57   49   38   36   35   23   15
	preLogic lookup: 517 Rank: 29
post logic: a  526  557  561  568  574  588  657  728  737  764  788  810  844  857  867  887  902  949  957  978	: b  517  503  498  496  403  392  377  311  308  301  300  289  276  210  199  197  192  189  181  130  114  109   87   57   49   38   36   35   23   15
	preLogic lookup: 526 Rank: 30
post logic: a  557  561  568  574  588  657  728  737  764  788  810  844  857  867  887  902  949  957  978	: b  526  517  503  498  496  403  392  377  311  308  301  300  289  276  210  199  197  192  189  181  130  114  109   87   57   49   38   36   35   23   15
	preLogic lookup: 557 Rank: 31
post logic: a  561  568  574  588  657  728  737  764  788  810  844  857  867  887  902  949  957  978	: b  557  526  517  503  498  496  403  392  377  311  308  301  300  289  276  210  199  197  192  189  181  130  114  109   87   57   49   38   36   35   23   15
  preEmpty: a  561  568  574  588  657  728  737  764  788  810  844  857  867  887  902  949  957  978	: b  557  526  517  503  498  496  403  392  377  311  308  301  300  289  276  210  199  197  192  189  181  130  114  109   87   57   49   38   36   35   23   15
       END: a   15   23   35   36   38   49   57   87  109  114  130  181  189  192  197  199  210  276  289  300  301  308  311  377  392  403  496  498  503  517  526  557  561  568  574  588  657  728  737  764  788  810  844  857  867  887  902  949  957  978	: b
	Sorting End: 467

Algorithm 6	Chunking Sort
     Start: a  392  517  557  276  192  210  867  957  403  657  737  764  728  181   23  301   38  503   57  130  199   87   36  568  574  588  377  300  498  887  189  289  496  526  844  114  978  949  308  902  311  109   49   15  197   35  857  788  561  810	: b
     Pre A: a  392  517  557  276  192  210  867  957  403  657  737  764  728  181   23  301   38  503   57  130  199   87   36  568  574  588  377  300  498  887  189  289  496  526  844  114  978  949  308  902  311  109   49   15  197   35  857  788  561  810	: b
    Post A: a	: b  978  957  810  788  857  902  949  844  887  867  561  588  574  568  728  764  737  657  526  496  498  503  403  557  517  392  311  308  289  300  377  301  210  276  197  109  114  189  199  130  181  192   35   15   49   36   87   57   38   23
       END: a   15   23   35   36   38   49   57   87  109  114  130  181  189  192  197  199  210  276  289  300  301  308  311  377  392  403  496  498  503  517  526  557  561  568  574  588  657  728  737  764  788  810  844  857  867  887  902  949  957  978	: b
	Sorting End: 314


Printing Algorithm: 6

	Chunking Sort
     Start: a  392  517  557  276  192  210  867  957  403  657  737  764  728  181   23  301   38  503   57  130  199   87   36  568  574  588  377  300  498  887  189  289  496  526  844  114  978  949  308  902  311  109   49   15  197   35  857  788  561  810	: b
     Pre A: a  392  517  557  276  192  210  867  957  403  657  737  764  728  181   23  301   38  503   57  130  199   87   36  568  574  588  377  300  498  887  189  289  496  526  844  114  978  949  308  902  311  109   49   15  197   35  857  788  561  810	: b
    Post A: a	: b  978  957  810  788  857  902  949  844  887  867  561  588  574  568  728  764  737  657  526  496  498  503  403  557  517  392  311  308  289  300  377  301  210  276  197  109  114  189  199  130  181  192   35   15   49   36   87   57   38   23
       END: a   15   23   35   36   38   49   57   87  109  114  130  181  189  192  197  199  210  276  289  300  301  308  311  377  392  403  496  498  503  517  526  557  561  568  574  588  657  728  737  764  788  810  844  857  867  887  902  949  957  978	: b
