
Algorithm 0	Sorting End: -1

Algorithm 1	Sorting End: -1

Algorithm 2	Sorting End: 114

Algorithm 3	Sorting End: 167

Algorithm 4	Sorting End: 86

Algorithm 5	Radix Sort
     Start: a  518  221  201  561  937  154  215  897  286  675  223  493  894  980  250  979  942  319  657  345		: b	
	preLogic lookup: 518 Rank: 10
post logic: a  221  201  561  937  154  215  897  286  675  223  493  894  980  250  979  942  319  657  345		: b  518	
	preLogic lookup: 221 Rank: 3
post logic: a  201  561  937  154  215  897  286  675  223  493  894  980  250  979  942  319  657  345  221		: b  518	
	preLogic lookup: 201 Rank: 1
post logic: a  561  937  154  215  897  286  675  223  493  894  980  250  979  942  319  657  345  221  201		: b  518	
	preLogic lookup: 561 Rank: 11
post logic: a  937  154  215  897  286  675  223  493  894  980  250  979  942  319  657  345  221  201  561		: b  518	
	preLogic lookup: 937 Rank: 16
post logic: a  154  215  897  286  675  223  493  894  980  250  979  942  319  657  345  221  201  561		: b  937  518	
	preLogic lookup: 154 Rank: 0
post logic: a  215  897  286  675  223  493  894  980  250  979  942  319  657  345  221  201  561		: b  154  937  518	
	preLogic lookup: 215 Rank: 2
post logic: a  897  286  675  223  493  894  980  250  979  942  319  657  345  221  201  561		: b  215  154  937  518	
	preLogic lookup: 897 Rank: 15
post logic: a  286  675  223  493  894  980  250  979  942  319  657  345  221  201  561  897		: b  215  154  937  518	
	preLogic lookup: 286 Rank: 6
post logic: a  675  223  493  894  980  250  979  942  319  657  345  221  201  561  897		: b  286  215  154  937  518	
	preLogic lookup: 675 Rank: 13
post logic: a  223  493  894  980  250  979  942  319  657  345  221  201  561  897  675		: b  286  215  154  937  518	
	preLogic lookup: 223 Rank: 4
post logic: a  493  894  980  250  979  942  319  657  345  221  201  561  897  675		: b  223  286  215  154  937  518	
	preLogic lookup: 493 Rank: 9
post logic: a  894  980  250  979  942  319  657  345  221  201  561  897  675  493		: b  223  286  215  154  937  518	
	preLogic lookup: 894 Rank: 14
post logic: a  980  250  979  942  319  657  345  221  201  561  897  675  493		: b  894  223  286  215  154  937  518	
	preLogic lookup: 980 Rank: 19
post logic: a  250  979  942  319  657  345  221  201  561  897  675  493  980		: b  894  223  286  215  154  937  518	
	preLogic lookup: 250 Rank: 5
post logic: a  979  942  319  657  345  221  201  561  897  675  493  980  250		: b  894  223  286  215  154  937  518	
	preLogic lookup: 979 Rank: 18
post logic: a  942  319  657  345  221  201  561  897  675  493  980  250		: b  979  894  223  286  215  154  937  518	
	preLogic lookup: 942 Rank: 17
post logic: a  319  657  345  221  201  561  897  675  493  980  250  942		: b  979  894  223  286  215  154  937  518	
	preLogic lookup: 319 Rank: 7
post logic: a  657  345  221  201  561  897  675  493  980  250  942  319		: b  979  894  223  286  215  154  937  518	
	preLogic lookup: 657 Rank: 12
post logic: a  345  221  201  561  897  675  493  980  250  942  319		: b  657  979  894  223  286  215  154  937  518	
	preLogic lookup: 345 Rank: 8
post logic: a  221  201  561  897  675  493  980  250  942  319		: b  345  657  979  894  223  286  215  154  937  518	
  preEmpty: a  221  201  561  897  675  493  980  250  942  319		: b  345  657  979  894  223  286  215  154  937  518	
	preLogic lookup: 518 Rank: 10
post logic: a  937  154  215  286  223  894  979  657  345  221  201  561  897  675  493  980  250  942  319  518		: b	
	preLogic lookup: 937 Rank: 16
post logic: a  154  215  286  223  894  979  657  345  221  201  561  897  675  493  980  250  942  319  518		: b  937	
	preLogic lookup: 154 Rank: 0
post logic: a  215  286  223  894  979  657  345  221  201  561  897  675  493  980  250  942  319  518		: b  154  937	
	preLogic lookup: 215 Rank: 2
post logic: a  286  223  894  979  657  345  221  201  561  897  675  493  980  250  942  319  518  215		: b  154  937	
	preLogic lookup: 286 Rank: 6
post logic: a  223  894  979  657  345  221  201  561  897  675  493  980  250  942  319  518  215  286		: b  154  937	
	preLogic lookup: 223 Rank: 4
post logic: a  894  979  657  345  221  201  561  897  675  493  980  250  942  319  518  215  286		: b  223  154  937	
	preLogic lookup: 894 Rank: 14
post logic: a  979  657  345  221  201  561  897  675  493  980  250  942  319  518  215  286  894		: b  223  154  937	
	preLogic lookup: 979 Rank: 18
post logic: a  657  345  221  201  561  897  675  493  980  250  942  319  518  215  286  894  979		: b  223  154  937	
	preLogic lookup: 657 Rank: 12
post logic: a  345  221  201  561  897  675  493  980  250  942  319  518  215  286  894  979		: b  657  223  154  937	
	preLogic lookup: 345 Rank: 8
post logic: a  221  201  561  897  675  493  980  250  942  319  518  215  286  894  979		: b  345  657  223  154  937	
	preLogic lookup: 221 Rank: 3
post logic: a  201  561  897  675  493  980  250  942  319  518  215  286  894  979  221		: b  345  657  223  154  937	
	preLogic lookup: 201 Rank: 1
post logic: a  561  897  675  493  980  250  942  319  518  215  286  894  979  221		: b  201  345  657  223  154  937	
	preLogic lookup: 561 Rank: 11
post logic: a  897  675  493  980  250  942  319  518  215  286  894  979  221  561		: b  201  345  657  223  154  937	
	preLogic lookup: 897 Rank: 15
post logic: a  675  493  980  250  942  319  518  215  286  894  979  221  561  897		: b  201  345  657  223  154  937	
	preLogic lookup: 675 Rank: 13
post logic: a  493  980  250  942  319  518  215  286  894  979  221  561  897		: b  675  201  345  657  223  154  937	
	preLogic lookup: 493 Rank: 9
post logic: a  980  250  942  319  518  215  286  894  979  221  561  897		: b  493  675  201  345  657  223  154  937	
	preLogic lookup: 980 Rank: 19
post logic: a  250  942  319  518  215  286  894  979  221  561  897  980		: b  493  675  201  345  657  223  154  937	
	preLogic lookup: 250 Rank: 5
post logic: a  942  319  518  215  286  894  979  221  561  897  980		: b  250  493  675  201  345  657  223  154  937	
	preLogic lookup: 942 Rank: 17
post logic: a  319  518  215  286  894  979  221  561  897  980		: b  942  250  493  675  201  345  657  223  154  937	
	preLogic lookup: 319 Rank: 7
post logic: a  518  215  286  894  979  221  561  897  980  319		: b  942  250  493  675  201  345  657  223  154  937	
  preEmpty: a  518  215  286  894  979  221  561  897  980  319		: b  942  250  493  675  201  345  657  223  154  937	
	preLogic lookup: 937 Rank: 16
post logic: a  154  223  657  345  201  675  493  250  942  518  215  286  894  979  221  561  897  980  319		: b  937	
	preLogic lookup: 154 Rank: 0
post logic: a  223  657  345  201  675  493  250  942  518  215  286  894  979  221  561  897  980  319		: b  154  937	
	preLogic lookup: 223 Rank: 4
post logic: a  657  345  201  675  493  250  942  518  215  286  894  979  221  561  897  980  319  223		: b  154  937	
	preLogic lookup: 657 Rank: 12
post logic: a  345  201  675  493  250  942  518  215  286  894  979  221  561  897  980  319  223  657		: b  154  937	
	preLogic lookup: 345 Rank: 8
post logic: a  201  675  493  250  942  518  215  286  894  979  221  561  897  980  319  223  657		: b  345  154  937	
	preLogic lookup: 201 Rank: 1
post logic: a  675  493  250  942  518  215  286  894  979  221  561  897  980  319  223  657		: b  201  345  154  937	
	preLogic lookup: 675 Rank: 13
post logic: a  493  250  942  518  215  286  894  979  221  561  897  980  319  223  657  675		: b  201  345  154  937	
	preLogic lookup: 493 Rank: 9
post logic: a  250  942  518  215  286  894  979  221  561  897  980  319  223  657  675		: b  493  201  345  154  937	
	preLogic lookup: 250 Rank: 5
post logic: a  942  518  215  286  894  979  221  561  897  980  319  223  657  675  250		: b  493  201  345  154  937	
	preLogic lookup: 942 Rank: 17
post logic: a  518  215  286  894  979  221  561  897  980  319  223  657  675  250		: b  942  493  201  345  154  937	
	preLogic lookup: 518 Rank: 10
post logic: a  215  286  894  979  221  561  897  980  319  223  657  675  250		: b  518  942  493  201  345  154  937	
	preLogic lookup: 215 Rank: 2
post logic: a  286  894  979  221  561  897  980  319  223  657  675  250		: b  215  518  942  493  201  345  154  937	
	preLogic lookup: 286 Rank: 6
post logic: a  894  979  221  561  897  980  319  223  657  675  250  286		: b  215  518  942  493  201  345  154  937	
	preLogic lookup: 894 Rank: 14
post logic: a  979  221  561  897  980  319  223  657  675  250  286  894		: b  215  518  942  493  201  345  154  937	
	preLogic lookup: 979 Rank: 18
post logic: a  221  561  897  980  319  223  657  675  250  286  894		: b  979  215  518  942  493  201  345  154  937	
	preLogic lookup: 221 Rank: 3
post logic: a  561  897  980  319  223  657  675  250  286  894		: b  221  979  215  518  942  493  201  345  154  937	
	preLogic lookup: 561 Rank: 11
post logic: a  897  980  319  223  657  675  250  286  894		: b  561  221  979  215  518  942  493  201  345  154  937	
	preLogic lookup: 897 Rank: 15
post logic: a  980  319  223  657  675  250  286  894  897		: b  561  221  979  215  518  942  493  201  345  154  937	
	preLogic lookup: 980 Rank: 19
post logic: a  319  223  657  675  250  286  894  897		: b  980  561  221  979  215  518  942  493  201  345  154  937	
	preLogic lookup: 319 Rank: 7
post logic: a  223  657  675  250  286  894  897  319		: b  980  561  221  979  215  518  942  493  201  345  154  937	
  preEmpty: a  223  657  675  250  286  894  897  319		: b  980  561  221  979  215  518  942  493  201  345  154  937	
	preLogic lookup: 937 Rank: 16
post logic: a  154  345  201  493  942  518  215  979  221  561  980  223  657  675  250  286  894  897  319		: b  937	
	preLogic lookup: 154 Rank: 0
post logic: a  345  201  493  942  518  215  979  221  561  980  223  657  675  250  286  894  897  319		: b  154  937	
	preLogic lookup: 345 Rank: 8
post logic: a  201  493  942  518  215  979  221  561  980  223  657  675  250  286  894  897  319  345		: b  154  937	
	preLogic lookup: 201 Rank: 1
post logic: a  493  942  518  215  979  221  561  980  223  657  675  250  286  894  897  319  345		: b  201  154  937	
	preLogic lookup: 493 Rank: 9
post logic: a  942  518  215  979  221  561  980  223  657  675  250  286  894  897  319  345  493		: b  201  154  937	
	preLogic lookup: 942 Rank: 17
post logic: a  518  215  979  221  561  980  223  657  675  250  286  894  897  319  345  493		: b  942  201  154  937	
	preLogic lookup: 518 Rank: 10
post logic: a  215  979  221  561  980  223  657  675  250  286  894  897  319  345  493  518		: b  942  201  154  937	
	preLogic lookup: 215 Rank: 2
post logic: a  979  221  561  980  223  657  675  250  286  894  897  319  345  493  518		: b  215  942  201  154  937	
	preLogic lookup: 979 Rank: 18
post logic: a  221  561  980  223  657  675  250  286  894  897  319  345  493  518		: b  979  215  942  201  154  937	
	preLogic lookup: 221 Rank: 3
post logic: a  561  980  223  657  675  250  286  894  897  319  345  493  518		: b  221  979  215  942  201  154  937	
	preLogic lookup: 561 Rank: 11
post logic: a  980  223  657  675  250  286  894  897  319  345  493  518  561		: b  221  979  215  942  201  154  937	
	preLogic lookup: 980 Rank: 19
post logic: a  223  657  675  250  286  894  897  319  345  493  518  561		: b  980  221  979  215  942  201  154  937	
	preLogic lookup: 223 Rank: 4
post logic: a  657  675  250  286  894  897  319  345  493  518  561		: b  223  980  221  979  215  942  201  154  937	
	preLogic lookup: 657 Rank: 12
post logic: a  675  250  286  894  897  319  345  493  518  561  657		: b  223  980  221  979  215  942  201  154  937	
	preLogic lookup: 675 Rank: 13
post logic: a  250  286  894  897  319  345  493  518  561  657  675		: b  223  980  221  979  215  942  201  154  937	
	preLogic lookup: 250 Rank: 5
post logic: a  286  894  897  319  345  493  518  561  657  675		: b  250  223  980  221  979  215  942  201  154  937	
	preLogic lookup: 286 Rank: 6
post logic: a  894  897  319  345  493  518  561  657  675		: b  286  250  223  980  221  979  215  942  201  154  937	
	preLogic lookup: 894 Rank: 14
post logic: a  897  319  345  493  518  561  657  675  894		: b  286  250  223  980  221  979  215  942  201  154  937	
	preLogic lookup: 897 Rank: 15
post logic: a  319  345  493  518  561  657  675  894  897		: b  286  250  223  980  221  979  215  942  201  154  937	
	preLogic lookup: 319 Rank: 7
post logic: a  345  493  518  561  657  675  894  897		: b  319  286  250  223  980  221  979  215  942  201  154  937	
  preEmpty: a  345  493  518  561  657  675  894  897		: b  319  286  250  223  980  221  979  215  942  201  154  937	
	preLogic lookup: 937 Rank: 16
post logic: a  154  201  942  215  979  221  980  223  250  286  319  345  493  518  561  657  675  894  897  937		: b	
	preLogic lookup: 154 Rank: 0
post logic: a  201  942  215  979  221  980  223  250  286  319  345  493  518  561  657  675  894  897  937		: b  154	
	preLogic lookup: 201 Rank: 1
post logic: a  942  215  979  221  980  223  250  286  319  345  493  518  561  657  675  894  897  937		: b  201  154	
	preLogic lookup: 942 Rank: 17
post logic: a  215  979  221  980  223  250  286  319  345  493  518  561  657  675  894  897  937  942		: b  201  154	
	preLogic lookup: 215 Rank: 2
post logic: a  979  221  980  223  250  286  319  345  493  518  561  657  675  894  897  937  942		: b  215  201  154	
	preLogic lookup: 979 Rank: 18
post logic: a  221  980  223  250  286  319  345  493  518  561  657  675  894  897  937  942  979		: b  215  201  154	
	preLogic lookup: 221 Rank: 3
post logic: a  980  223  250  286  319  345  493  518  561  657  675  894  897  937  942  979		: b  221  215  201  154	
	preLogic lookup: 980 Rank: 19
post logic: a  223  250  286  319  345  493  518  561  657  675  894  897  937  942  979  980		: b  221  215  201  154	
	preLogic lookup: 223 Rank: 4
post logic: a  250  286  319  345  493  518  561  657  675  894  897  937  942  979  980		: b  223  221  215  201  154	
	preLogic lookup: 250 Rank: 5
post logic: a  286  319  345  493  518  561  657  675  894  897  937  942  979  980		: b  250  223  221  215  201  154	
	preLogic lookup: 286 Rank: 6
post logic: a  319  345  493  518  561  657  675  894  897  937  942  979  980		: b  286  250  223  221  215  201  154	
	preLogic lookup: 319 Rank: 7
post logic: a  345  493  518  561  657  675  894  897  937  942  979  980		: b  319  286  250  223  221  215  201  154	
	preLogic lookup: 345 Rank: 8
post logic: a  493  518  561  657  675  894  897  937  942  979  980		: b  345  319  286  250  223  221  215  201  154	
	preLogic lookup: 493 Rank: 9
post logic: a  518  561  657  675  894  897  937  942  979  980		: b  493  345  319  286  250  223  221  215  201  154	
	preLogic lookup: 518 Rank: 10
post logic: a  561  657  675  894  897  937  942  979  980		: b  518  493  345  319  286  250  223  221  215  201  154	
	preLogic lookup: 561 Rank: 11
post logic: a  657  675  894  897  937  942  979  980		: b  561  518  493  345  319  286  250  223  221  215  201  154	
	preLogic lookup: 657 Rank: 12
post logic: a  675  894  897  937  942  979  980		: b  657  561  518  493  345  319  286  250  223  221  215  201  154	
	preLogic lookup: 675 Rank: 13
post logic: a  894  897  937  942  979  980		: b  675  657  561  518  493  345  319  286  250  223  221  215  201  154	
	preLogic lookup: 894 Rank: 14
post logic: a  897  937  942  979  980		: b  894  675  657  561  518  493  345  319  286  250  223  221  215  201  154	
	preLogic lookup: 897 Rank: 15
post logic: a  937  942  979  980		: b  897  894  675  657  561  518  493  345  319  286  250  223  221  215  201  154	
  preEmpty: a  937  942  979  980		: b  897  894  675  657  561  518  493  345  319  286  250  223  221  215  201  154	
       END: a  154  201  215  221  223  250  286  319  345  493  518  561  657  675  894  897  937  942  979  980		: b	
	Sorting End: 160

Algorithm 6	Chunking Sort
     Start: a  518  221  201  561  937  154  215  897  286  675  223  493  894  980  250  979  942  319  657  345		: b	
     Pre A: a  518  221  201  561  937  154  215  897  286  675  223  493  894  980  250  979  942  319  657  345		: b	
    Post A: a		: b  345  657  319  942  979  250  980  894  493  223  675  286  897  215  154  937  561  201  221  518	
       END: a  154  201  215  221  223  250  286  319  345  493  518  561  657  675  894  897  937  942  979  980		: b	
	Sorting End: 91


Printing Algorithm: 4

